Trace for Mass:,Al27(LR),As75(LR),Se77(LR),Se78(LR),Se82(LR),Ag107(LR),Ag109(LR),Cd111(LR),Cd114(LR),In115(LR),Sn118(LR),La139(LR),Nd146(LR),Pb204(LR),Pb206(LR),Pb207(LR),Pb208(LR),Hg200(LR),Kr83(LR)
Resolution:,Low,Low,Low,Low,Low,Low,Low,Low,Low,Low,Low,Low,Low,Low,Low,Low,Low,Low,Low
,,,,,,,,,,,,,,,,,,,
Time,Intensity,Intensity,Intensity,Intensity,Intensity,Intensity,Intensity,Intensity,Intensity,Intensity,Intensity,Intensity,Intensity,Intensity,Intensity,Intensity,Intensity,Intensity,Intensity
[sec],[cps],[cps],[cps],[cps],[cps],[cps],[cps],[cps],[cps],[cps],[cps],[cps],[cps],[cps],[cps],[cps],[cps],[cps],[cps]

2.943000078201294,249768.,3453.,2152.,81982.,100.,300.,0.,0.,0.,150.,0.,0.,0.,50.,450.,700.5,1200.5,0.,950.5,
6.008999824523926,253356.,3904.,1801.5,68508.,50.,250.,200.,100.,0.,100.,0.,0.,0.,0.,550.,350.,1150.5,0.,450.,
9.076000213623047,246128.,4054.5,1401.,81077.,50.,100.,100.,0.,0.,50.,0.,0.,0.,100.,650.,500.,1601.,0.,500.,
12.14200019836426,253804.,3203.,1351.,77959.,400.,150.,0.,0.,0.,0.,0.,0.,0.,0.,800.,250.,1601.,0.,450.,
15.20800018310547,241820.,5556.,1651.5,75648.,150.,150.,0.,0.,0.,100.,0.,50.,0.,50.,1101.,1201.,2602.5,150.,400.,
18.27499961853027,294986.,36828.,20733.,461976.,1250.5,650.,300.,0.,0.,2602.5,350.,0.,0.,200.,1601.,1952.,3453.5,0.,1551.,
21.34099960327148,461456.,102768.,51883.,1025344.,3453.,650.,650.,50.,200.,1238448.,950.5,200.,0.,500.,5105.5,3703.5,4905.5,200.,3904.,
24.40800094604492,453576.,138814.,72529.,1302304.,4003.5,1051.,500.,100.,350.,7242574.5,2252.,300.,0.,550.,5355.5,3703.5,9862.,200.,3953.5,
27.47400093078613,416484.,118740.,54142.5,1020016.,3503.5,800.5,500.,50.,200.,5028603.5,700.,200.,0.,250.,3854.,4054.,8160.,300.,4304.5,
30.54000091552734,418872.,110021.,34720.,782032.,3503.5,750.5,400.,50.,50.,3712153.5,650.,200.,0.,100.,1851.5,1150.5,3854.,200.,3703.5,
33.60699844360352,342588.,61524.,25895.5,613896.,2402.,300.,250.,0.,0.,1985355.125,350.,100.,0.,100.,1501.,1501.,2652.5,100.,2702.5,
36.67300033569336,316386.,37980.5,23690.,488688.,1351.,0.,0.,0.,100.,1569920.,350.,50.,0.,50.,1150.5,900.5,3052.5,0.,2602.5,
39.73899841308594,290750.,33667.5,17426.,429640.,950.5,500.,50.,50.,50.,1938736.,150.,200.,0.,50.,1451.5,700.,3003.,50.,1851.5,
42.80599975585938,303254.,45155.5,20633.,261952.,1101.,350.,0.,0.,150.,1389312.,250.,0.,0.,200.,1150.5,600.5,3253.,100.,1851.5,
45.87200164794922,309710.,37630.,15271.5,416608.,1100.5,200.,50.,0.,100.,1462064.,350.,150.,0.,100.,1701.5,1251.,3654.,100.,2602.5,
48.9379997253418,293870.,35171.5,15872.5,371680.,1351.,250.,150.,0.,50.,1374528.,650.,150.,0.,50.,1751.5,1251.,2452.,50.,1601.,
52.00500106811523,290362.,36576.,15572.5,316340.,850.5,300.,100.,100.,0.,1369376.,250.,0.,0.,50.,1301.,1200.5,1951.5,100.,1651.5,
55.07099914550781,334752.,37880.,17727.,467864.,1001.,350.,100.,50.,150.,1257904.,100.,0.,0.,50.,1050.5,950.5,1901.5,0.,1351.,
58.13700103759766,302934.,32413.5,16875.,455916.,550.,250.,100.,0.,0.,1874016.,450.,50.,0.,0.,1501.,1351.,2652.,0.,2152.,
61.20399856567383,305394.,40238.5,18628.5,386272.,1150.5,350.,250.,0.,50.,1922397.25,350.,400.,0.,300.,1901.5,950.5,3103.,0.,1501.,
64.26999664306641,304572.,44654.,24241.5,369376.,1050.5,50.,0.,0.,0.,1975728.,650.5,0.,0.,100.,1301.,1250.5,3453.5,50.,1501.,
67.33599853515625,303558.,37278.5,19731.,331608.,1050.5,100.,400.,0.,0.,1910898.,300.,100.,0.,0.,1801.5,1301.,2101.5,0.,1000.5,
70.40299987792969,309532.,38081.,18628.5,379204.,750.,50.,200.,0.,50.,2073712.,250.,0.,100.,300.,1751.,1201.,2702.5,0.,1601.5,
73.46900177001953,302796.,31611.,21034.,326948.,1451.,450.,50.,100.,100.,2047740.625,150.,150.,0.,300.,1401.,950.5,2452.,0.,1101.,
76.53600311279297,292904.,30207.,17677.,298652.,1551.5,150.,150.,50.,50.,1808576.,150.,100.,50.,0.,1601.,1351.,2051.5,0.,1651.5,
79.60199737548828,305658.,36074.5,12066.,378808.,500.,250.,150.,0.,150.,2281837.,450.,50.,50.,100.,1101.,1151.,2902.5,0.,1601.,
82.66799926757813,293512.,34871.,12717.,279852.,750.,650.,50.,0.,0.,2277515.25,450.,0.,0.,0.,2051.5,1351.,2802.5,0.,1200.5,
85.73500061035156,299516.,31962.,13869.,346468.,1300.5,200.,200.,50.,0.,2101920.,200.,100.,0.,0.,1551.5,1051.,4054.,0.,1250.5,
88.80100250244141,287742.,33466.5,16223.5,345200.,1100.5,100.,150.,0.,0.,2732969.5,150.,250.,0.,50.,1100.5,1401.,2752.5,50.,1301.,
91.86699676513672,285622.,28502.5,13919.5,299716.,900.,50.,250.,0.,0.,2426761.,300.,100.,0.,100.,1451.,1251.,2402.,50.,900.5,
94.93399810791016,296098.,35322.,16273.5,318628.,500.,100.,100.,50.,50.,2601347.5,100.,150.,50.,50.,1351.,1251.,3353.5,0.,2202.,
98.,287840.,30207.,14270.,345004.,750.,200.,100.,0.,0.,2094429.125,500.,250.,0.,0.,1300.5,900.5,3203.,0.,1251.,
101.0660018920898,292798.,33216.,14771.,343860.,1251.,150.,100.,0.,0.,2387293.,200.,0.,0.,100.,1301.,850.5,2802.5,100.,1351.,
104.1330032348633,295442.,32815.,17576.5,268474.,950.5,200.,0.,0.,0.,2199306.5,200.,100.,0.,150.,1050.5,1101.,2552.5,0.,1851.5,
107.1989974975586,269410.,34369.5,13318.,386056.,450.,50.,0.,50.,0.,2528430.,400.,100.,0.,150.,1651.5,1101.,1401.,0.,1851.5,
110.2649993896484,297462.,32764.5,15222.,297384.,750.5,50.,100.,0.,50.,2267595.,650.,0.,0.,50.,1551.5,1151.,3203.,100.,1000.5,
113.3320007324219,282644.,24793.,16123.5,293612.,600.,50.,0.,0.,50.,2695223.5,250.,50.,0.,100.,1251.,1401.,2152.,50.,1651.5,
116.3980026245117,272402.,30458.,15422.,328428.,700.,200.,150.,0.,50.,2088544.,200.,0.,0.,0.,750.,1150.5,2402.,0.,1201.,
119.463996887207,286834.,33567.,15522.5,329776.,950.5,150.,100.,50.,100.,2336703.5,300.,100.,50.,0.,1501.5,1300.5,2202.,0.,1350.5,
122.5309982299805,279788.,32664.,14470.5,337016.,900.5,100.,150.,0.,50.,2575132.,400.,100.,0.,0.,1000.5,1150.5,2752.5,150.,1401.,
125.5970001220703,284966.,31611.,19530.5,304300.,1151.,200.,50.,0.,0.,2248480.,200.,50.,0.,50.,1451.,850.,3253.,50.,1901.5,
128.6629943847656,272136.,37429.,14069.5,302112.,600.,200.,50.,0.,50.,2089443.75,50.,0.,0.,150.,600.,1551.,3103.,50.,1951.5,
131.7299957275391,272638.,29355.,12767.5,277616.,1051.,200.,200.,50.,50.,1837433.625,200.,50.,0.,50.,1501.,1050.5,2552.,0.,1751.5,
134.7960052490234,289942.,38532.5,10463.,312764.,1200.5,150.,100.,0.,50.,1923761.75,250.,150.,0.,0.,1451.,1451.,2352.,0.,1000.5,
137.8630065917969,280414.,38382.,13719.,292384.,1050.5,100.,100.,0.,100.,3355688.5,200.,100.,0.,0.,1050.5,1100.5,2002.,0.,1200.5,
140.9290008544922,281758.,26597.5,20182.,239240.,650.,150.,100.,0.,50.,2508114.5,100.,0.,0.,100.,1651.5,850.5,2652.,100.,1451.,
143.9949951171875,280358.,24291.5,15372.,355144.,950.5,100.,100.,50.,250.,1488805.125,150.,50.,0.,0.,1601.,950.5,3003.,0.,1551.5,
147.0619964599609,283018.,30408.5,14370.,346944.,650.,200.,100.,0.,150.,1728151.25,50.,0.,0.,50.,1551.,1501.,2802.5,0.,1050.5,
150.1280059814453,283424.,26447.,11064.,288764.,650.,200.,100.,0.,0.,2268416.,650.,150.,0.,50.,1701.5,1451.,3403.5,50.,1651.5,
153.1940002441406,275934.,32062.5,18829.,244638.,700.,100.,200.,0.,100.,2110769.5,50.,50.,0.,100.,1151.,1401.,4004.,0.,1301.,
156.2610015869141,279442.,34219.,16073.5,383352.,500.,400.,200.,50.,0.,2860549.25,250.,0.,0.,150.,1251.,1150.5,2052.,0.,1851.5,
159.3269958496094,269858.,27900.5,13668.5,319088.,750.,100.,200.,0.,0.,2198130.5,0.,150.,0.,400.,1751.5,1100.5,1651.,0.,1401.,
162.3930053710938,283952.,29254.5,16624.5,284536.,900.5,350.,150.,0.,50.,2279751.75,250.,0.,150.,200.,1751.5,1401.,2252.,50.,900.5,
165.4600067138672,274952.,28502.,10964.,356332.,900.5,150.,50.,100.,50.,3839607.25,200.,300.,0.,150.,650.,1351.,3954.,100.,1801.5,
168.5260009765625,286266.,34168.5,20482.5,300896.,1000.5,150.,400.,50.,100.,2192459.5,50.,600.,0.,0.,1651.5,1301.,1751.,0.,1201.,
171.5919952392578,285542.,52635.5,23139.,257224.,800.,350.,350.,0.,150.,1707152.,250.,1201.,200.,50.,600.,550.,2002.,0.,1601.,
174.6589965820313,276800.,78613.,31411.,304460.,1101.,500.,650.5,100.,300.,2098463.25,150.,1050.5,100.,100.,1201.,550.,1701.5,0.,1651.,
177.7250061035156,288996.,90183.,29656.,291176.,1301.,550.,100.,50.,250.,1600932.875,300.,1000.5,250.,50.,850.5,700.,1651.5,50.,1401.,
180.7910003662109,304050.,80674.,30407.5,325004.,550.5,400.,600.,50.,0.,1685504.,0.,1701.5,150.,0.,950.5,650.5,1851.5,0.,2051.5,
183.8580017089844,308064.,70067.,26246.5,264136.,600.,450.,100.,100.,50.,1679088.,100.,1100.5,250.,50.,1000.5,500.,2052.,0.,1851.5,
186.9239959716797,305948.,63584.,30758.5,292548.,350.,350.,400.,0.,50.,1569728.,150.,900.,250.,50.,950.5,450.,1601.,50.,2151.5,
189.9909973144531,308770.,52133.,18679.,311908.,750.,100.,150.,150.,250.,1781216.,50.,600.,0.,50.,800.5,1000.5,2252.,100.,1301.,
193.0570068359375,318572.,57657.,21836.,269496.,900.5,450.,150.,0.,50.,2042882.25,150.,450.,100.,0.,1000.5,900.5,2152.,0.,1701.5,
196.1230010986328,315982.,57958.,22888.,269580.,1051.,100.,250.,150.,0.,1902829.5,0.,750.5,0.,100.,1000.5,950.5,1851.5,0.,1651.5,
199.1900024414063,295256.,55748.,18428.,291514.,900.5,450.,350.,0.,200.,1010947.875,100.,950.5,50.,50.,1201.,1301.,2102.,0.,2702.5,
202.2559967041016,299258.,55396.5,20733.,280268.,800.5,550.5,300.,0.,200.,2450656.,250.,500.,50.,0.,1301.,1201.,2052.,0.,1801.5,
205.3220062255859,297330.,51581.,19981.5,264948.,750.,50.,250.,0.,50.,2004304.,200.,450.,50.,0.,700.,850.5,1601.5,50.,1651.5,
208.3890075683594,299852.,52484.5,17826.5,274664.,700.,400.,50.,100.,150.,1712912.,100.,500.,0.,50.,950.5,1251.,2752.5,0.,1901.5,
211.4550018310547,291574.,52082.5,21535.,251386.,550.,150.,0.,0.,200.,1710761.5,100.,550.,100.,50.,1151.,600.,2402.,100.,2052.,
214.52099609375,284144.,44102.,17175.5,278432.,850.,650.,250.,50.,100.,2286176.,300.,650.,0.,50.,1050.5,1050.5,3203.,50.,1601.,
217.5879974365234,286804.,39987.5,17426.,302720.,800.,150.,100.,0.,100.,2194096.,350.,550.5,150.,100.,2051.5,1251.,2702.5,0.,1951.5,
220.6540069580078,285818.,47615.,21735.5,251336.,850.5,50.,200.,0.,50.,1763508.5,550.,150.,0.,150.,1150.5,900.,2052.,0.,1351.,
223.7200012207031,288904.,42195.5,21184.5,349112.,500.,500.,200.,0.,150.,2271840.5,150.,300.,0.,350.,1401.,1551.,2402.,50.,2052.,
226.7870025634766,278468.,52334.,20182.5,317152.,600.,300.,250.,50.,50.,2104035.5,550.,500.,0.,0.,1200.5,850.,3353.,150.,2051.5,
229.8529968261719,277086.,48167.,16724.5,305172.,1000.5,400.,300.,50.,100.,2331952.,100.,450.,100.,0.,1501.,1000.5,3153.,50.,1551.,
232.9190063476563,285328.,49071.,21936.,323224.,600.,350.,150.,0.,50.,2102160.,450.,100.,200.,0.,1000.5,350.,3303.,50.,1351.,
235.9859924316406,281938.,41191.5,15973.,322512.,900.,200.,150.,100.,50.,2437694.,150.,200.,100.,50.,1250.5,1151.,2602.,50.,1301.,
239.052001953125,283100.,36727.,14420.,254836.,750.,350.,350.,0.,0.,1986786.5,200.,150.,0.,0.,1401.,550.,1901.5,0.,1651.5,
242.1190032958984,282342.,49924.,18729.,303844.,1150.5,200.,150.,50.,250.,2357267.,100.,150.,150.,200.,1100.5,1251.,2402.,200.,2352.,
245.1849975585938,283992.,41442.,19480.5,342520.,1000.5,450.,100.,0.,300.,2037764.25,250.,550.,100.,200.,1701.5,1000.5,2802.5,50.,2102.,
248.2510070800781,277056.,43449.5,24141.,320060.,600.,600.,200.,0.,50.,2363808.,350.,500.,250.,50.,1701.,1401.,2952.5,50.,1551.,
251.3179931640625,277818.,48268.,20482.5,307176.,1150.5,300.,50.,50.,50.,2680384.,500.,450.,0.,100.,1301.,1401.,3954.,50.,1751.5,
254.3840026855469,280838.,47565.,22788.,268410.,950.5,150.,100.,0.,100.,1985055.75,250.,200.,0.,350.,1501.,850.5,2552.,100.,1251.,
257.4500122070313,273958.,52685.5,19079.5,315420.,600.,450.,100.,0.,150.,2064748.5,250.,0.,0.,150.,950.5,1250.5,2552.,50.,1251.,
260.5169982910156,288300.,47615.,16975.5,311952.,1200.5,300.,250.,0.,200.,2378542.,400.,50.,100.,200.,1251.,1051.,3103.,0.,1401.,
263.5830078125,273484.,48117.,17025.5,437244.,1151.,250.,150.,0.,100.,2096226.,150.,100.,0.,0.,950.5,1601.,2652.,0.,2102.,
266.6489868164063,270336.,42245.,14921.,332976.,1100.5,150.,100.,100.,50.,2294645.5,100.,250.,100.,50.,1651.,1401.,2202.,150.,1551.,
269.7160034179688,278512.,52535.,19380.,232190.,1151.,450.,50.,50.,100.,2194624.,400.,350.,150.,0.,1051.,1050.5,2702.5,0.,1251.,
272.7820129394531,281182.,42346.,21635.,309452.,500.,350.,200.,50.,0.,2133033.,250.,50.,50.,150.,1000.5,1201.,2152.,0.,1751.,
275.8479919433594,274628.,45307.5,21585.,296604.,700.,100.,400.,0.,100.,2258099.,50.,400.,50.,50.,1851.5,1050.5,3303.5,0.,2152.,
278.9150085449219,276112.,49422.5,20282.5,326096.,650.,300.,500.,0.,200.,2761479.,250.,200.,0.,100.,1501.,950.5,3804.,0.,1050.5,
281.9809875488281,265964.,46160.,14770.5,261196.,500.,550.,50.,0.,0.,1920064.,200.,200.,0.,150.,1251.,1351.,1851.5,0.,1301.,
285.0469970703125,261022.,25946.,14971.,220518.,1150.5,150.,100.,0.,0.,1313392.,150.,250.,0.,0.,1401.,850.5,2452.,100.,1301.,
288.114013671875,260418.,30708.5,13669.,233410.,450.,600.,650.,50.,50.,1380160.,150.,150.,200.,100.,1551.,650.,1751.5,50.,1301.,
291.1799926757813,257562.,31411.,14570.5,222344.,500.,150.,0.,0.,0.,2243817.5,300.,350.,0.,200.,1651.,1251.,2853.,0.,1701.5,
294.2470092773438,268536.,33065.,16725.,252456.,600.,400.,150.,0.,50.,2065819.5,400.,350.,0.,50.,1801.5,1201.,3403.5,0.,1551.5,
297.31298828125,264842.,48016.5,16274.,314700.,600.,300.,100.,0.,0.,2076471.5,200.,0.,50.,50.,1501.,750.5,3554.,50.,1201.,
300.3789978027344,282754.,56502.,17075.,275120.,950.5,450.,0.,50.,50.,1864863.375,350.,500.,200.,0.,1200.5,1351.,3353.,100.,1951.5,
303.4460144042969,281136.,42245.5,18227.5,314404.,1050.5,200.,150.,0.,50.,2532160.,100.,0.,0.,0.,2052.,1000.5,3553.5,0.,1701.5,
306.5119934082031,276372.,39887.5,17175.5,233202.,900.5,400.,300.,0.,100.,2574816.,450.,150.,100.,0.,1201.,750.,2452.,0.,1801.5,
309.5780029296875,268494.,43098.,22236.5,297272.,1000.5,150.,450.,50.,200.,2414409.25,250.,200.,100.,100.,1701.,2101.5,2552.5,0.,1251.,
312.6449890136719,259898.,45356.5,20232.,316896.,850.5,200.,300.,100.,250.,1974864.,450.,600.,100.,50.,2002.,1951.5,2902.5,0.,2452.,
315.7109985351563,274166.,55096.5,20933.5,275940.,900.,450.,250.,50.,50.,1873010.75,250.,550.,150.,50.,1201.,950.5,2602.5,0.,1651.5,
318.7770080566406,259906.,83592.,21535.,293908.,1201.,600.,750.5,50.,0.,1987744.,100.,800.5,200.,0.,1451.,900.5,1551.,0.,1751.,
321.843994140625,275024.,95769.,38533.,351020.,1301.,1150.5,400.,150.,100.,1997344.,250.,1651.,300.,0.,1200.5,950.5,1551.5,150.,2102.,
324.9100036621094,280428.,137450.,58812.,291004.,2152.,850.5,500.,300.,100.,2064672.,100.,2002.,300.,0.,550.,500.,1401.,0.,2652.5,
327.9760131835938,302746.,157908.,50727.,240516.,1150.5,1201.,900.,50.,200.,1566192.,200.,2352.,250.,100.,400.,500.,900.5,0.,4354.5,
331.0429992675781,323572.,153810.,50326.5,277108.,1651.,950.5,1000.5,300.,250.,1420656.,50.,2652.5,150.,0.,450.,250.,1050.5,0.,5205.5,
334.1090087890625,337960.,146940.,55095.5,264344.,1301.,950.5,850.,150.,200.,1639456.,100.,1751.,400.,0.,400.,750.5,1201.,0.,4554.5,
337.1749877929688,342848.,108359.,45356.5,331132.,1251.,1251.,400.,100.,200.,1602192.,450.,1801.5,350.,150.,750.,500.,1851.5,50.,4605.,
340.2420043945313,336952.,93555.,34670.5,258850.,1201.,750.5,500.,50.,100.,1214112.,300.,1451.,400.,50.,700.,750.5,1501.,0.,4955.,
343.3080139160156,329738.,87567.,30107.,300276.,650.,750.,450.,0.,100.,1418256.,400.,1000.5,50.,50.,950.5,600.,2202.,200.,4304.5,
346.375,311152.,44052.,17225.5,187888.,800.5,100.,250.,0.,100.,416924.,100.,400.,0.,0.,450.,750.5,2302.,0.,2752.5,
349.4410095214844,286534.,42396.,16774.5,391636.,800.,600.,50.,0.,50.,337620.,50.,150.,0.,100.,1000.5,550.,1701.,0.,2702.5,
352.5069885253906,285932.,32614.,16424.,192698.,950.5,500.,100.,50.,300.,758520.,100.,250.,0.,100.,1401.,750.,2802.5,0.,2652.5,
355.5740051269531,285294.,51028.5,18277.5,269034.,850.,50.,50.,0.,0.,1075200.,300.,250.,0.,100.,1951.5,1451.,2802.5,50.,2552.,
358.6400146484375,279800.,44603.5,20582.5,310472.,1501.,600.,200.,0.,50.,1296053.5,550.,400.,0.,50.,1801.,1351.,3553.5,50.,2902.5,
361.7059936523438,278020.,45356.5,18578.5,288136.,900.5,450.,50.,0.,50.,1376704.,200.,400.,50.,200.,1751.5,1251.,3503.,50.,2402.,
364.7730102539063,282098.,44553.5,19330.,335572.,700.5,550.,200.,0.,50.,1510912.,300.,300.,50.,250.,1501.5,400.,3203.,0.,2051.5,
367.8389892578125,280136.,49622.5,27249.,303536.,600.,100.,350.,0.,50.,1347008.,400.,0.,50.,100.,1351.,1952.,2902.5,50.,2101.5,
370.9049987792969,275282.,48669.,20031.5,334172.,600.,300.,150.,50.,50.,1140624.,250.,100.,50.,0.,2102.,1050.5,4154.,50.,2602.,
373.9719848632813,270952.,49573.,16825.,339968.,1000.5,400.,150.,100.,0.,1458640.,300.,0.,50.,150.,2752.5,1101.,2352.,50.,3203.,
377.0379943847656,263302.,55900.,20232.,393576.,400.,250.,0.,0.,0.,943472.,50.,200.,0.,100.,1300.5,1651.,2702.5,0.,1501.,
380.10400390625,253626.,47665.5,14921.,341404.,1000.5,250.,150.,0.,0.,1026456.,300.,50.,0.,300.,1451.,800.,2352.,0.,2652.5,
383.1709899902344,239324.,33065.5,13719.,177414.,550.,250.,50.,0.,0.,480168.,200.,0.,0.,50.,1050.5,950.5,1751.5,0.,1351.,
386.2369995117188,230244.,21685.,8109.5,163356.,200.,250.,50.,0.,0.,256664.,50.,400.,0.,50.,950.5,600.,1350.5,0.,900.5,
389.3030090332031,234464.,14470.5,5656.,87817.,300.,250.,50.,50.,0.,141438.,0.,150.,150.,50.,950.5,900.,1501.,0.,900.5,
392.3699951171875,231660.,11865.5,3854.,93152.,300.,0.,150.,50.,150.,85605.,0.,0.,0.,0.,850.5,850.5,1601.,0.,500.,
395.4360046386719,228214.,8760.5,3303.,74891.,100.,150.,50.,0.,50.,46059.,50.,0.,0.,50.,1151.,600.,1601.5,0.,650.,
398.5029907226563,222424.,8109.5,3052.5,74993.,250.,50.,100.,0.,0.,23941.,0.,0.,50.,200.,800.5,600.,1301.,0.,900.5,
401.5690002441406,214142.,6457.,2702.5,66850.,300.,0.,200.,0.,50.,11064.,150.,0.,0.,50.,750.,450.,1651.,0.,550.,
404.635009765625,219004.,6557.5,2802.5,69060.,350.,50.,50.,0.,0.,4705.,0.,200.,0.,0.,950.5,650.5,1551.,50.,400.,
407.7019958496094,207096.,4905.,2852.5,67804.5,300.,200.,150.,0.,0.,2652.5,0.,100.,0.,100.,200.,550.,1301.,0.,1000.5,
410.7680053710938,205530.,4454.5,2151.5,73031.,200.,50.,0.,50.,50.,1651.,0.,0.,0.,50.,450.,200.,1851.5,100.,750.,
413.8340148925781,213334.,5556.,2152.,71021.,350.,250.,0.,0.,0.,900.5,100.,0.,0.,150.,400.,350.,2002.,0.,650.,
416.9010009765625,203244.,4705.,2302.,71423.,250.,150.,100.,0.,0.,150.,100.,0.,0.,0.,950.5,500.,1251.,0.,650.,
419.9670104980469,200002.,4905.,2201.5,78864.,150.,400.,50.,0.,100.,0.,0.,100.,0.,150.,700.,950.5,1601.,0.,750.5,
423.0329895019531,201104.,5706.,2001.5,77456.,350.,250.,50.,0.,0.,150.,50.,0.,50.,0.,700.,500.,1401.,0.,600.,
426.1000061035156,191734.,5406.,2352.,73585.,150.,50.,100.,0.,0.,150.,0.,0.,0.,0.,1000.5,600.,1601.5,0.,600.,
429.1659851074219,204050.,4654.5,1751.5,76148.,250.,50.,100.,100.,50.,50.,50.,0.,0.,200.,1351.,1000.5,1601.,100.,1000.5,
432.2319946289063,196968.,4655.,1751.5,74942.,450.,700.5,0.,0.,0.,50.,0.,0.,0.,0.,550.,1151.,1351.,50.,900.5,
435.2990112304688,191792.,5005.,1701.,72528.,100.,200.,0.,0.,0.,100.,150.,0.,0.,0.,800.5,500.,1301.,0.,700.,
438.364990234375,198930.,4004.,1801.5,65996.,250.,350.,50.,0.,0.,0.,0.,0.,0.,0.,550.,500.,1751.,0.,450.,
441.4309997558594,191634.,3052.5,3003.,72277.,150.,100.,0.,50.,50.,50.,50.,0.,0.,50.,450.,700.,900.5,100.,900.5,
444.4979858398438,193616.,4154.5,2602.,65091.5,100.,400.,50.,0.,0.,0.,0.,1100.5,50.,0.,650.,500.,1801.5,0.,550.,
447.5639953613281,203174.,5856.5,2402.5,68458.,300.,350.,50.,0.,100.,100.,200.,5005.,100.,0.,950.5,550.,1251.,0.,900.5,
450.6310119628906,197968.,4605.,2201.5,68810.,250.,400.,150.,350.,400.,1251.,0.,29054.,1150.5,100.,1551.,1551.,4604.5,0.,450.,
453.6969909667969,207242.,5055.5,2502.,69061.,200.,1451.,450.,1451.,2652.5,6407.5,0.,77154.,6407.,450.,6707.5,5356.,11765.5,0.,500.,
456.7630004882813,207208.,4104.,1751.,66347.5,350.,2602.,1301.,4605.,8710.5,28954.,0.,191684.,15923.,900.5,15171.5,13669.,34720.5,0.,450.,
459.8299865722656,217198.,3453.,1901.5,69565.5,250.,6006.5,4104.,10613.5,17426.,87365.,100.,341452.,36275.5,2652.5,38331.5,27048.5,79266.,0.,500.,
462.89599609375,227680.,5756.5,2001.5,71121.,950.5,10914.,8260.,14220.,31059.5,189508.,50.,502040.,49623.,2902.5,56602.,51330.,115765.,0.,750.,
465.9620056152344,242020.,5756.5,1701.5,76702.,600.,14820.5,11966.,20883.,34720.5,264954.,0.,632040.,70569.,5305.5,76048.,69814.,157090.,50.,1200.5,
469.0289916992188,251498.,6006.5,2252.,77405.,500.,18729.,13618.5,24492.,43148.5,340580.,0.,731776.,72077.,6757.5,93153.,86509.,197052.,50.,950.5,
472.0950012207031,279864.,6707.5,3253.,84548.,650.,21234.,16073.5,27650.,51631.,414036.,150.,679856.,84547.,6357.,111231.,91038.,209668.,0.,1050.5,
475.1610107421875,302596.,8811.,3203.,104177.,400.,21836.,20182.,30708.5,48066.5,554584.,50.,680328.,79769.,7408.5,119245.,88724.,264548.,0.,1401.,
478.2279968261719,330058.,12066.,5606.,106394.,650.,21434.5,19882.,31310.,48368.5,522472.,350.,634416.,82535.,6607.5,123580.,87717.,227270.,50.,1401.,
481.2940063476563,358092.,15773.,8009.5,116723.,1251.,21034.,16424.,28001.5,48568.5,550632.,400.,659424.,76300.,6006.5,97581.,88371.,223518.,0.,1601.,
484.3599853515625,374408.,17526.5,7559.,160734.,1000.5,16774.5,15422.,19330.,39987.5,518636.,550.,538596.,61072.5,5506.,86510.,74439.,165986.,50.,2202.,
487.427001953125,412196.,20783.5,10914.,176958.,1551.5,17476.,13218.,17676.5,38432.,453948.,300.,494104.,57907.5,3003.,61726.,50577.,147092.,0.,2102.,
490.4930114746094,397612.,24743.,12717.,167098.,1851.5,12116.,10914.,14019.5,30558.,514472.,650.,381544.,49070.5,2702.5,53840.5,39737.,100400.,50.,2302.,
493.5589904785156,469352.,23489.5,10363.,203690.,900.5,8560.5,9462.,12767.,28703.,386324.,500.,255090.,40238.5,2552.,40740.5,33316.,76249.,0.,1751.5,
496.6260070800781,434228.,26346.5,12767.,230306.,850.5,7659.,6257.,11315.,18929.,335032.,350.,229498.,34670.5,1551.,25645.,24342.,57707.,0.,1851.5,
499.6919860839844,431884.,32664.,13819.,316140.,400.,4705.,4104.,7158.,18428.,210280.,550.,172314.,24392.,1601.5,22738.,24291.5,50777.5,50.,1351.,
502.7590026855469,416644.,31410.5,12116.,339452.,1050.5,8259.5,5305.5,5956.5,10513.5,264696.,600.,132656.,15873.,800.5,21885.5,17526.5,36175.,0.,1651.,
505.8250122070313,460620.,35272.,11916.,304708.,1050.5,5806.5,4104.,4554.5,11315.,209014.,350.,108157.,15071.5,700.,13869.,12867.5,33718.,0.,1851.5,
508.8909912109375,399752.,36676.5,17025.5,282576.,400.,5055.5,3203.,4504.5,10313.,197052.,650.5,95871.,15171.5,650.,14520.5,13318.,29355.,100.,1651.5,
511.9580078125,392544.,38532.5,21635.5,254686.,850.,5055.5,3753.5,3703.5,8660.,160638.,200.,81480.,15071.5,1051.,13168.,8560.5,21836.,50.,1601.,
515.0239868164063,389884.,32413.5,17627.,381352.,1151.,3353.5,3603.5,4154.,5756.,132052.,700.,72579.,13519.,200.,10162.5,9311.5,19380.,100.,1701.5,
518.0900268554688,391780.,33416.5,16675.,406548.,650.,2752.5,2852.5,3453.5,5506.,122471.,550.,102416.,8210.,550.,8510.,6907.5,18327.5,0.,1851.5,
521.156982421875,381696.,41292.,18779.,331792.,1251.,2002.,3303.5,2702.5,6407.,102468.,500.,69918.,9261.,450.,9161.,6857.5,19781.,100.,1401.,
524.2230224609375,345032.,42596.5,15271.5,342056.,1200.5,2952.5,3403.,2802.5,6207.,112641.,450.,73888.,8209.5,350.,7709.,8210.,18077.5,0.,950.5,
527.2890014648438,410416.,41944.,21234.,297884.,1000.5,2902.5,2302.,1701.,5606.,122066.,350.,51230.,6908.,700.,9411.5,7158.5,19731.,50.,1551.5,
530.3560180664063,367904.,40338.5,17776.5,366904.,750.5,2352.,2902.5,3053.,6056.5,85453.,450.,44403.,10713.5,300.,8961.,7108.5,15472.5,0.,1301.,
533.4219970703125,353240.,32865.,21434.5,356584.,1150.5,3703.5,2252.,1901.5,4104.,69714.,600.5,49874.,6156.5,750.5,7008.,6357.5,10263.,0.,1551.5,
536.4879760742188,353828.,37429.,20733.,261748.,1651.,2152.,1751.5,2202.,5505.5,76752.,150.,52284.5,7308.5,400.,7058.,4454.5,15171.5,0.,2402.,
539.5549926757813,314370.,41743.5,16123.5,365608.,1451.,2552.5,1601.5,2001.5,3603.5,68008.,450.,46661.,6807.5,150.,6257.,5856.5,11515.,200.,1301.,
542.6209716796875,323876.,47718.,17877.,368796.,1301.,2352.,1151.,1851.5,3453.5,90033.,500.,43148.5,5806.,600.,6507.,3953.5,15422.,0.,1101.,
545.68701171875,329480.,49322.5,18728.5,348148.,950.5,1901.5,1951.5,1751.,3853.5,66801.,200.,45607.,5556.,350.,6457.,4004.,12116.,0.,2502.5,
548.7540283203125,307798.,45858.5,20433.,334244.,950.5,2252.,2001.5,1701.5,4404.5,58962.5,400.,40539.5,4254.,200.,5556.,4054.,9661.5,50.,2152.,
551.8200073242188,333626.,32865.,22036.,402240.,1250.5,2051.5,2001.5,1351.,4054.,60218.5,800.,31109.5,6157.,150.,4554.5,5005.,11114.,50.,1751.5,
554.8870239257813,321394.,40439.,19380.,471236.,800.5,2352.,1351.,1101.,3303.,54744.,700.5,31159.5,5556.,100.,5055.,3804.,10964.,50.,1150.5,
557.9530029296875,341096.,46210.,21986.,396704.,1300.5,900.5,1101.,1351.,2002.,43400.,450.,29104.5,4855.,250.,4004.,2853.,10012.5,200.,1601.5,
561.0189819335938,313442.,33717.5,24492.5,415636.,1000.5,1551.5,1000.5,1150.5,3203.,43399.,350.,26497.,3453.5,350.,4254.5,2903.,6607.5,50.,1951.5,
564.0859985351563,312498.,38332.,20282.,490344.,1501.,1451.5,1351.,1000.5,3003.,37479.,50.,24041.,3003.,150.,3053.,2803.,6357.,0.,1200.5,
567.1519775390625,336268.,41091.,15021.5,366044.,1251.,1251.,1251.,1100.5,3103.,56753.5,450.,17176.,3903.5,200.,2902.5,2102.,6557.5,0.,1751.5,
570.218017578125,314230.,38482.5,23640.,347272.,1551.,1251.,1100.5,600.,1551.,43951.,350.,16975.,3253.,250.,1751.5,2452.5,4955.5,0.,2101.5,
573.2849731445313,300950.,43801.,21585.,376060.,600.5,1751.5,1501.,250.,1701.,24391.5,450.,13769.,1801.5,100.,3503.5,2251.5,3754.,0.,1551.5,
576.3510131835938,325100.,50075.,19430.5,357856.,1301.,1451.,1250.5,450.,750.5,34169.,200.,12166.5,1952.,200.,1401.,3003.,4705.,0.,1301.,
579.4169921875,283260.,38482.,20833.5,486784.,950.5,650.5,350.,400.,1100.5,30157.,450.,10212.5,1501.,100.,1951.5,1901.5,3553.5,50.,1250.5,
582.4840087890625,298118.,49774.,30559.,345956.,1100.5,700.,750.,350.,650.5,31912.,350.,10313.,1100.5,200.,1651.,1200.5,3503.5,0.,1801.5,
585.5499877929688,303606.,42195.,24492.,305220.,750.5,850.5,750.,300.,700.5,27299.,400.,7659.,1451.,0.,1101.,1100.5,3603.5,200.,1551.5,
588.6160278320313,303290.,39737.,22036.,403676.,950.5,1601.5,800.5,400.,800.,22287.,500.,5856.5,1000.5,0.,1200.5,1651.,2902.5,0.,1401.,
591.6829833984375,307546.,48719.,21184.,413656.,1150.5,750.5,1000.5,250.,250.,21635.5,150.,6757.5,1250.5,0.,2402.,1101.,2502.,0.,1250.5,
594.7490234375,293182.,38081.,17325.5,434156.,1601.5,750.,750.5,250.,750.5,22337.,350.,5906.5,450.,250.,1751.5,1200.5,2752.5,0.,1501.5,
597.8150024414063,310678.,48167.5,20232.5,472064.,850.5,750.,800.,100.,800.5,22036.5,450.,4054.,950.5,150.,1651.,1501.5,2802.5,200.,2352.5,
600.8820190429688,305638.,45005.5,22487.,391540.,850.5,800.,500.,100.,550.,18378.,350.,3854.,600.,100.,1301.,1651.5,2852.5,50.,1551.,
603.947998046875,318268.,51580.5,17075.,382632.,800.5,900.5,550.,300.,350.,21685.,400.,3753.5,900.,100.,750.,1951.5,1601.5,0.,1351.,
607.0150146484375,279518.,45858.5,15372.,499628.,1050.5,950.5,650.,300.,350.,17676.5,900.5,2502.,500.,50.,550.,900.5,2752.5,0.,1451.,
610.0809936523438,281680.,42044.5,24041.,389944.,1251.,750.5,550.,100.,100.,16374.,450.,3303.5,350.,150.,450.,350.,1951.5,0.,1451.,
613.14697265625,305480.,37679.5,24091.,543344.,1401.,800.5,650.,250.,200.,24291.5,600.,2302.,300.,0.,850.,600.,2151.5,150.,1601.5,
616.2139892578125,301864.,46661.,24241.5,452596.,950.5,500.,500.,50.,300.,16324.,150.,2001.5,100.,100.,1100.5,1150.5,1451.,0.,950.5,
619.280029296875,308720.,33767.5,23790.,449524.,700.5,700.,300.,0.,200.,14470.5,200.,1651.5,200.,0.,1351.,950.5,2852.5,100.,1251.,
622.3460083007813,324108.,46612.,17826.5,343856.,1951.5,850.5,750.,0.,300.,13168.,350.,1401.,350.,150.,1501.5,950.5,1952.,0.,1751.,
625.4130249023438,306640.,34720.,19731.5,419892.,750.,550.,650.,50.,50.,14320.,300.,1501.,200.,150.,750.,850.,1551.,100.,2102.,
628.47900390625,318908.,38984.,21184.,481688.,1050.5,950.5,850.5,0.,100.,12366.5,300.,1401.,400.,100.,550.,700.,1301.,50.,900.5,
631.5449829101563,303802.,36074.5,25094.,444680.,1201.,800.5,300.,250.,50.,17727.,750.,1100.5,100.,100.,850.5,1000.5,2252.,0.,1551.,
634.6119995117188,300816.,40138.,18578.5,405372.,900.5,550.,800.,100.,150.,18378.,650.,1201.,100.,50.,1050.5,600.,1951.5,0.,2352.,
637.677978515625,307104.,48168.5,18879.5,442948.,1451.,650.,650.,0.,50.,13568.5,200.,750.5,350.,50.,1050.5,850.5,1851.5,50.,1751.,
640.7440185546875,314304.,40288.5,17426.,481740.,1050.5,550.,700.,50.,100.,9562.,600.,850.5,200.,50.,650.,950.5,2752.5,100.,1501.5,
643.8109741210938,329608.,44102.,23189.,403932.,850.5,850.5,300.,0.,0.,10714.,550.,800.,50.,100.,1451.,1100.5,2302.,50.,1501.,
646.8770141601563,305440.,42596.5,19130.,493112.,1150.5,150.,350.,0.,50.,10113.,300.,550.,50.,100.,850.5,450.,1851.5,50.,2102.,
649.9429931640625,302048.,42647.5,20833.5,453748.,900.5,950.5,450.,0.,50.,12066.,100.,600.,50.,50.,1100.5,900.5,2302.,0.,1251.,
653.010009765625,288832.,33767.5,29154.5,445240.,700.,800.5,1050.5,50.,0.,9161.,300.,800.5,0.,100.,1401.,650.,2002.,50.,1401.,
656.0759887695313,302154.,39084.,22838.,390360.,1100.5,250.,550.,100.,50.,8059.5,300.,450.,0.,0.,700.,750.,1901.5,50.,1851.5,
659.1430053710938,332836.,45206.5,14120.,231424.,700.,1100.5,300.,100.,200.,20131.5,300.,350.,350.,0.,350.,650.,2001.5,100.,1401.,
662.208984375,256512.,36626.,13018.,307212.,1401.,400.,200.,0.,150.,11164.5,100.,450.,100.,100.,450.,550.,2402.,150.,900.5,
665.2750244140625,288134.,37529.5,17576.,371252.,1100.5,450.,150.,0.,150.,10513.,750.,300.,0.,100.,1200.5,750.,3053.,0.,2452.,
668.3419799804688,327518.,44252.5,16073.5,521032.,1401.,700.,600.,0.,50.,10313.,250.,650.,50.,0.,800.,450.,3102.5,0.,1801.5,
671.4080200195313,327636.,49975.,21084.,442644.,800.5,250.,350.,0.,150.,11014.,700.,150.,50.,0.,1701.5,400.,3203.,0.,2352.,
674.4739990234375,300150.,39235.,25093.5,434464.,850.5,650.,400.,0.,100.,11315.,550.,700.,50.,100.,1350.5,1001.,2201.5,50.,1901.5,
