TraceforMass:,Al27(LR),As75(LR),Se77(LR),Se78(LR),Se82(LR),Ag107(LR),Ag109(LR),Cd111(LR),Cd114(LR),In115(LR),Sn118(LR),La139(LR),Nd146(LR),Pb204(LR),Pb206(LR),Pb207(LR),Pb208(LR),Hg200(LR),Kr83(LR)
Resolution:,Low,Low,Low,Low,Low,Low,Low,Low,Low,Low,Low,Low,Low,Low,Low,Low,Low,Low,Low
,,,,,,,,,,,,,,,,,,,
Time,Intensity,Intensity,Intensity,Intensity,Intensity,Intensity,Intensity,Intensity,Intensity,Intensity,Intensity,Intensity,Intensity,Intensity,Intensity,Intensity,Intensity,Intensity,Intensity
[sec],[cps],[cps],[cps],[cps],[cps],[cps],[cps],[cps],[cps],[cps],[cps],[cps],[cps],[cps],[cps],[cps],[cps],[cps],[cps]

2.943000078201294,304972.,6857.5,2902.5,91592.,200.,300.,150.,0.,50.,100.,0.,0.,0.,0.,800.5,500.,2352.,100.,600.,
6.008999824523926,311042.,6056.5,2652.5,84799.,250.,150.,150.,50.,0.,0.,0.,150.,0.,0.,950.5,650.,1901.5,0.,550.,
9.076000213623047,302630.,6858.,2152.,97028.,50.,50.,150.,0.,50.,50.,0.,0.,0.,50.,750.,900.5,1201.,0.,700.,
12.14200019836426,307840.,6106.5,2652.5,94612.,200.,200.,0.,0.,0.,100.,0.,50.,0.,0.,500.,700.,1651.5,100.,950.5,
15.20800018310547,306322.,12016.,4805.,206476.,200.,200.,100.,0.,50.,800.5,150.,50.,0.,50.,1100.5,1851.5,2251.5,0.,900.5,
18.27499961853027,377096.,118387.,40690.,691600.,2852.5,100.,300.,0.,100.,16173.5,650.,100.,50.,400.,2452.,2452.5,7959.,100.,2953.,
21.34099960327148,513920.,187082.,85906.,1168112.,4004.,750.,450.,0.,200.,3500480.,2102.,150.,50.,450.,4104.,4604.5,12467.,100.,3003.,
24.40800094604492,609008.,243202.,92748.,1435920.,4554.5,1000.5,550.,250.,300.,8311792.5,1000.5,100.,0.,150.,2652.5,1601.,3203.,100.,5406.,
27.47400093078613,574048.,216820.,88522.,1245936.,4755.,600.,450.,0.,200.,6958012.5,1351.,250.,50.,100.,4154.,2402.,8660.5,0.,5906.5,
30.54000091552734,518536.,120050.,59967.,797432.,2952.5,200.,250.,50.,150.,2610050.5,800.5,150.,50.,50.,1651.,2251.5,3954.,0.,4855.,
33.60699844360352,436364.,97128.,52685.,526752.,1951.5,250.,150.,0.,0.,2006864.,50.,50.,0.,150.,1251.,1151.,3603.5,100.,2502.,
36.67300033569336,381572.,68859.,24592.,483952.,1250.5,200.,100.,0.,0.,1915169.,250.,50.,0.,0.,800.,850.5,2853.,50.,1601.5,
39.73899841308594,378332.,66700.,27700.5,450868.,800.5,200.,300.,100.,0.,1337264.,200.,150.,0.,0.,1151.,1200.5,3053.,50.,1751.5,
42.80599975585938,380584.,63433.,24592.,452064.,1151.,100.,100.,100.,0.,2145328.,350.,150.,0.,0.,1501.,1100.5,3653.5,0.,1901.5,
45.87200164794922,373264.,64890.5,31310.,334960.,1301.,100.,450.,50.,0.,1779712.,550.,0.,100.,150.,1000.5,1151.,3303.5,50.,2602.,
48.9379997253418,361692.,61876.5,22036.,497828.,1150.5,100.,150.,0.,0.,1271699.125,200.,0.,0.,0.,1401.,1250.5,2752.5,0.,1751.5,
52.00500106811523,378384.,57305.5,25845.5,340784.,1651.,250.,100.,250.,50.,2469984.5,450.,50.,0.,150.,2352.5,1951.5,3053.,100.,1851.5,
55.07099914550781,377268.,58159.,21033.5,491264.,1201.,150.,350.,50.,50.,1683392.,100.,350.,0.,0.,1100.5,1551.,3103.,0.,1601.5,
58.13700103759766,404372.,60218.5,21935.5,410328.,1050.5,100.,250.,0.,100.,1958896.,350.,0.,0.,100.,1551.,600.5,2602.,0.,1451.,
61.20399856567383,387364.,52334.,25996.,489464.,1401.,400.,50.,0.,200.,1966036.125,350.,100.,0.,100.,1251.,1050.5,3203.,0.,2051.5,
64.26999664306641,361912.,61624.5,24793.,478596.,750.,100.,150.,50.,50.,1898944.,400.,150.,0.,50.,1150.5,1251.,2952.5,0.,2502.,
67.33599853515625,379272.,60117.5,27399.5,376576.,1201.,100.,100.,100.,0.,2241791.5,300.,0.,0.,100.,1151.,1901.5,3253.5,100.,2152.,
70.40299987792969,379804.,54844.5,22437.,492452.,1000.5,0.,100.,0.,50.,2440174.,250.,0.,50.,50.,1901.5,900.5,3303.,200.,1951.5,
73.46900177001953,371144.,64589.,22186.5,449416.,1351.,100.,250.,0.,0.,2198046.75,250.,0.,0.,100.,1951.5,1000.5,2202.,200.,1951.5,
76.53600311279297,368684.,49120.5,20983.5,447432.,1150.5,250.,50.,0.,150.,2122595.,550.,50.,0.,150.,1351.,850.,3002.5,0.,2602.,
79.60199737548828,365716.,55899.,18979.5,476412.,850.,350.,50.,0.,50.,2133388.,450.,50.,100.,50.,1751.5,1000.5,2452.5,0.,1451.,
82.66799926757813,369020.,52384.,23289.,348828.,1301.,150.,300.,50.,50.,2799493.5,200.,0.,0.,200.,1451.,1050.5,2602.5,150.,2001.5,
85.73500061035156,380908.,54996.5,24141.,384364.,1251.,50.,50.,0.,50.,2258582.75,350.,50.,0.,150.,1701.5,1051.,3103.,0.,1401.,
88.80100250244141,372804.,56401.5,23289.,322060.,1251.,350.,50.,50.,50.,2531038.5,50.,200.,0.,0.,1701.5,1000.5,3553.5,0.,2252.,
91.86699676513672,363852.,44804.5,23439.,393836.,1101.,250.,200.,0.,0.,3223924.,350.,150.,0.,50.,1301.,2051.5,2802.5,50.,1951.5,
94.93399810791016,355824.,53388.5,22086.5,372716.,850.,150.,200.,0.,50.,3284425.,400.,200.,0.,100.,1551.,1751.5,4104.,100.,1551.,
98.,350488.,44453.,21134.,341600.,850.5,100.,100.,0.,0.,3007963.,250.,150.,200.,50.,1951.5,1301.,3904.,0.,1651.5,
101.0660018920898,350188.,53539.,17326.,366500.,1451.,200.,0.,100.,0.,3421108.25,300.,600.,0.,200.,1251.,800.,2552.,150.,2002.,
104.1330032348633,341316.,45256.,23339.,394060.,1100.5,100.,200.,0.,50.,2119490.,350.,50.,0.,300.,1951.5,1251.,3052.5,0.,1851.5,
107.1989974975586,368228.,42847.5,23188.5,461712.,500.,200.,200.,50.,0.,2928747.5,300.,0.,0.,50.,1801.5,1501.,2602.,0.,1501.,
110.2649993896484,358424.,63684.5,23840.5,349264.,850.5,300.,250.,0.,50.,2431790.25,200.,50.,50.,150.,1801.5,1851.5,2802.5,0.,1851.5,
113.3320007324219,331564.,51882.,21084.,346872.,1101.,100.,250.,50.,0.,2927458.5,50.,200.,0.,150.,1101.,1051.,3002.5,0.,1751.5,
116.3980026245117,335460.,56352.,25394.,359028.,1000.5,450.,0.,0.,50.,2737488.25,200.,150.,0.,200.,1301.,1901.5,2802.5,0.,1701.,
119.463996887207,345900.,48619.,17927.5,393740.,900.5,50.,350.,150.,50.,3174672.75,100.,0.,0.,200.,900.5,1051.,2652.5,0.,1751.5,
122.5309982299805,342056.,46711.5,17827.,318392.,450.,0.,250.,50.,0.,2161317.5,350.,0.,0.,200.,1951.5,1200.5,4154.,50.,1801.5,
125.5970001220703,339172.,48618.5,19580.5,423540.,800.,200.,300.,0.,50.,2522819.75,350.,250.,0.,300.,1100.5,1301.,3103.,50.,1151.,
128.6640014648438,355132.,42295.,23540.,405628.,650.,150.,50.,0.,50.,2851327.,200.,50.,0.,100.,1701.,1601.5,3103.,0.,1751.5,
131.7299957275391,343852.,44504.,16424.,299420.,650.,200.,200.,50.,0.,2703899.25,50.,100.,100.,150.,750.,1801.5,3503.,0.,1200.5,
134.7960052490234,330976.,41141.5,20783.,348652.,450.,200.,100.,0.,0.,2330899.75,50.,50.,0.,50.,1401.,1601.5,2552.,100.,2302.,
137.8630065917969,333400.,44553.5,18478.,369072.,1200.5,250.,250.,50.,200.,2461477.5,250.,50.,50.,100.,2252.,1100.5,4705.,0.,2602.,
140.9290008544922,352552.,48870.,15873.,327220.,550.,0.,250.,0.,100.,2935384.5,300.,50.,0.,0.,1401.,1150.5,3153.,100.,2051.5,
143.9949951171875,334528.,43851.,20582.5,385584.,700.,50.,50.,0.,50.,2338532.,350.,100.,0.,100.,1701.,1451.,3603.5,250.,1651.5,
147.0619964599609,336032.,47414.5,20834.,329368.,850.,150.,400.,50.,50.,2129824.5,100.,150.,0.,50.,2552.,950.5,3603.5,0.,1151.,
150.1280059814453,342368.,47012.5,15472.,338704.,950.5,400.,250.,0.,0.,2237883.,100.,50.,0.,100.,2001.5,500.,4505.,50.,1651.,
153.1940002441406,332786.,34319.5,16975.,355244.,700.,450.,300.,0.,0.,2667016.5,0.,200.,0.,100.,1000.5,1651.5,4254.5,50.,2352.,
156.2610015869141,337516.,42646.5,20783.5,352080.,1001.,300.,100.,0.,0.,2453746.,150.,0.,0.,150.,1952.,550.,3153.,50.,2052.,
159.3269958496094,319594.,45958.5,15923.,334660.,850.,200.,150.,0.,0.,3316581.5,150.,50.,50.,50.,1501.,1050.5,3103.,0.,1801.5,
162.3930053710938,330780.,47916.,18378.,362812.,650.,150.,0.,0.,300.,2978368.,100.,100.,0.,100.,1801.5,1100.5,3503.,50.,1501.,
165.4600067138672,341616.,48619.5,22086.,342836.,800.5,200.,50.,0.,0.,2523116.,150.,100.,100.,150.,1000.5,1050.5,3753.5,100.,1651.,
168.5260009765625,330080.,58711.5,21735.5,316656.,1000.5,200.,200.,0.,50.,2708699.,200.,0.,0.,300.,800.5,1401.,2452.5,50.,1701.5,
171.5919952392578,325914.,79518.,25294.,329192.,1150.5,150.,200.,100.,0.,1633025.5,0.,200.,50.,150.,1000.5,750.,1601.5,0.,1301.,
174.6589965820313,334680.,86107.,38834.,316388.,1100.5,300.,100.,50.,50.,2096621.25,250.,100.,0.,0.,800.,450.,1801.5,50.,1551.,
177.7250061035156,359028.,116774.,38733.5,318696.,1000.5,150.,50.,50.,0.,2217165.25,450.,350.,0.,100.,600.,800.5,1952.,0.,1801.5,
180.7920074462891,355040.,80071.,39586.,271820.,1250.5,150.,200.,0.,50.,2273806.75,200.,600.,0.,50.,1151.,600.,2051.5,0.,2052.,
183.8580017089844,361180.,114405.,29605.5,322620.,1701.5,300.,200.,50.,100.,2633103.5,200.,300.,200.,50.,1351.,600.,2502.5,0.,1401.,
186.9239959716797,368428.,70971.,33416.5,303588.,950.5,50.,150.,100.,150.,2088784.,150.,300.,150.,0.,850.,450.,1801.5,0.,2402.5,
189.9909973144531,363448.,81982.,30708.5,284640.,1001.,250.,50.,0.,0.,1769184.,150.,300.,0.,50.,900.5,700.,2051.5,0.,1751.5,
193.0570068359375,371172.,72981.,26747.5,297836.,950.5,100.,250.,0.,50.,1618805.875,150.,0.,0.,50.,950.5,800.,1701.5,50.,2152.,
196.1230010986328,357444.,79267.,30608.5,285912.,550.,250.,350.,50.,50.,1767357.25,250.,400.,250.,0.,750.,600.,1901.5,0.,2302.,
199.1900024414063,367500.,71023.5,28954.,288522.,850.5,50.,50.,0.,50.,2539551.5,0.,250.,0.,50.,800.5,950.5,2602.5,0.,2102.,
202.2559967041016,356544.,70218.,27650.,368540.,950.5,350.,150.,50.,0.,2341216.,150.,350.,50.,0.,1050.5,950.5,2152.,50.,1951.5,
205.3220062255859,360768.,64087.,20533.,282448.,1000.5,0.,150.,0.,100.,2696854.25,200.,400.,50.,150.,700.,700.5,2252.,0.,1851.5,
208.3890075683594,354276.,62428.5,26246.5,328020.,950.5,200.,50.,50.,150.,2482720.,200.,100.,50.,150.,1501.,1101.,2252.,100.,1951.5,
211.4550018310547,351236.,70820.,19781.,324780.,850.5,100.,100.,50.,100.,2051887.875,100.,250.,100.,50.,1401.,650.,2102.,50.,1801.5,
214.52099609375,365628.,70719.,25193.5,235026.,750.,0.,250.,50.,50.,2063136.,200.,200.,0.,50.,1351.,1200.5,2402.,100.,2702.5,
217.5879974365234,351796.,72681.,23490.,283216.,700.,100.,150.,100.,0.,2511436.,400.,0.,0.,150.,1300.5,1301.,2702.5,100.,1952.,
220.6540069580078,361132.,76501.,24692.5,354912.,1251.,100.,100.,50.,200.,2705217.75,500.,0.,0.,200.,1301.,900.5,3053.,0.,2051.5,
223.7200012207031,349464.,69061.5,21886.,296864.,1251.,100.,250.,0.,100.,2503406.75,450.,200.,100.,50.,1451.,1000.5,1851.5,0.,1701.5,
226.7870025634766,345804.,61976.5,26648.5,359180.,1551.,350.,50.,0.,0.,3104390.25,50.,50.,0.,150.,1251.,1351.,3053.,100.,1601.5,
229.8529968261719,338332.,61524.5,31210.,342904.,950.5,100.,150.,0.,0.,2368158.25,350.,0.,0.,50.,1200.5,1501.,2902.5,0.,1651.,
232.9199981689453,333760.,55096.5,28001.,378144.,650.,100.,0.,0.,50.,2278211.,100.,150.,50.,150.,900.5,1250.5,2652.5,0.,1551.,
235.9859924316406,347144.,74138.,18077.5,263374.,1250.5,350.,100.,0.,0.,2319635.,250.,250.,150.,50.,1300.5,600.,2302.,50.,2252.,
239.052001953125,335664.,54995.5,28954.,327864.,950.5,100.,450.,0.,100.,2655380.5,100.,150.,0.,300.,1401.,1251.,1902.,50.,1351.,
242.1190032958984,336560.,92446.,22437.5,340684.,550.,100.,200.,0.,50.,2558221.5,100.,150.,0.,0.,1551.5,1101.,2752.5,200.,2152.,
245.1849975585938,339012.,61172.5,24792.5,287268.,1651.,100.,100.,50.,200.,2885627.5,100.,100.,0.,200.,1501.,1801.5,2652.5,100.,1451.,
248.2510070800781,334580.,61826.,25745.5,320420.,750.5,50.,350.,50.,0.,2953388.,400.,400.,0.,100.,1000.5,1801.5,3102.5,50.,2302.,
251.3179931640625,350172.,73032.,23089.,386968.,1351.,50.,0.,0.,50.,2709247.5,350.,300.,0.,50.,1551.,1901.5,2752.5,150.,1201.,
254.3840026855469,330392.,60520.5,31059.5,469868.,1001.,350.,200.,50.,250.,2016761.25,200.,250.,0.,50.,1050.5,700.,3203.,50.,2001.5,
257.4500122070313,325176.,51379.5,32313.,382720.,800.5,200.,50.,100.,0.,2106988.75,150.,200.,50.,350.,1301.,1351.,2652.5,50.,1801.,
260.5169982910156,337388.,56602.,26146.,273918.,400.,250.,250.,150.,0.,2427017.5,350.,150.,0.,250.,1301.,850.,4204.,50.,2052.,
263.5830078125,330168.,57355.5,23740.,364688.,750.,50.,200.,0.,50.,2953581.,200.,350.,100.,150.,1701.5,1351.,3153.,50.,2052.,
266.6489868164063,335874.,70720.,23490.,373420.,700.5,300.,50.,0.,50.,2408000.,100.,150.,200.,50.,1301.,1201.,1951.5,0.,1801.5,
269.7160034179688,329034.,72932.,26547.5,339284.,900.5,200.,200.,50.,50.,1976715.,500.,200.,50.,0.,1251.,1651.,2152.,100.,2051.5,
272.7820129394531,336832.,58812.,29705.5,396712.,1451.,0.,50.,0.,200.,2564379.5,150.,0.,50.,0.,1901.5,900.,4104.,0.,2052.,
275.8479919433594,338444.,56702.5,19781.,324616.,750.,150.,100.,0.,100.,2584657.,350.,200.,50.,150.,1601.,1401.,2652.5,0.,1701.,
278.9150085449219,342800.,51028.5,28703.,382772.,1251.,250.,150.,50.,100.,2228003.,150.,150.,50.,100.,2001.5,1100.5,3052.5,50.,2202.,
281.9809875488281,325580.,41894.,14570.5,214888.,700.,350.,200.,0.,0.,1475312.,150.,50.,0.,100.,1301.,800.,2903.,100.,950.5,
285.0480041503906,311850.,36375.5,13468.,263282.,1300.5,100.,50.,0.,50.,1632832.,100.,50.,50.,100.,1451.,1100.5,2502.5,250.,1401.,
288.114013671875,311658.,44152.5,16474.,280016.,650.,50.,100.,0.,100.,1999856.,200.,200.,0.,200.,1351.,750.,3253.,0.,1701.5,
291.1799926757813,332012.,53539.5,19480.5,353252.,550.,100.,150.,50.,0.,2552719.,450.,200.,0.,100.,1050.5,850.,3853.5,100.,1851.5,
294.2470092773438,322724.,78966.,24191.,362812.,1050.5,250.,200.,0.,100.,2222784.,250.,150.,0.,150.,1851.5,1601.5,3002.5,0.,1451.,
297.31298828125,338196.,60068.,19580.5,373408.,750.,300.,150.,0.,0.,2599023.5,300.,100.,0.,50.,2352.,1951.5,3003.,50.,1501.5,
300.3789978027344,334868.,60268.5,24291.5,485884.,1100.5,200.,200.,0.,0.,3298722.,150.,200.,50.,300.,3002.5,1801.5,6257.,0.,2302.,
303.4460144042969,323504.,42646.5,16374.,214688.,1050.5,200.,50.,0.,50.,1948368.,200.,200.,200.,100.,1751.5,1701.5,2151.5,50.,1601.5,
306.5119934082031,337586.,65242.,20282.,337180.,950.5,200.,50.,50.,50.,2430006.5,200.,150.,50.,150.,2001.5,1651.,2702.5,50.,1901.5,
309.5780029296875,321922.,53589.,24141.5,325536.,800.5,300.,100.,50.,50.,3185511.5,250.,200.,0.,150.,1701.5,1000.5,2952.5,0.,2802.5,
312.6449890136719,309672.,64689.5,22837.5,338852.,1251.,300.,100.,0.,50.,2657052.,500.,200.,0.,50.,1250.5,1401.,3303.,50.,1701.5,
315.7109985351563,312734.,78713.,29455.5,377568.,1401.,300.,300.,0.,50.,2347838.25,150.,250.,100.,50.,1951.5,1201.,1701.5,0.,1851.5,
318.7770080566406,328788.,108863.,41493.,369060.,1151.,200.,100.,0.,0.,2311104.,300.,750.,0.,50.,1301.,650.,2001.5,0.,2402.5,
321.843994140625,335020.,168214.,52635.,359544.,1301.,300.,300.,100.,200.,2048480.,300.,800.5,0.,50.,300.,700.,1952.,0.,2052.,
324.9100036621094,345856.,166846.,51530.5,290800.,1251.,750.,400.,200.,300.,1756672.,150.,300.,200.,0.,300.,450.,900.5,0.,3953.5,
327.9760131835938,367612.,188190.,48719.5,266170.,1701.5,350.,250.,150.,200.,1589840.,300.,650.,100.,0.,500.,200.,1301.,0.,4204.5,
331.0429992675781,388260.,162346.,59366.5,266986.,1451.,500.,550.,0.,0.,1871776.,400.,350.,0.,50.,800.,300.,950.5,0.,4204.,
334.1090087890625,395528.,146790.,64538.,323488.,1501.,550.5,150.,0.,0.,1265616.,200.,550.,200.,100.,750.,300.,1200.5,50.,6507.,
337.1759948730469,408316.,121713.,53438.5,377140.,950.5,400.,250.,100.,0.,1748431.5,250.,400.,50.,0.,350.,950.5,1151.,0.,4504.5,
340.2420043945313,405420.,137249.,38633.,377196.,1100.5,300.,250.,0.,0.,1273392.,500.,650.5,0.,0.,1050.5,1050.5,1401.,0.,4154.,
343.3080139160156,384988.,97128.,34419.5,314448.,900.5,350.,100.,0.,100.,704168.,100.,150.,100.,100.,1351.,600.,1701.5,300.,4154.,
346.375,369256.,42496.5,15672.5,151938.,450.,350.,250.,0.,0.,525156.,200.,250.,0.,50.,1001.,950.5,1851.5,50.,2452.,
349.4410095214844,357604.,50175.5,22637.5,292632.,1000.5,350.,0.,50.,0.,1117632.,100.,200.,50.,0.,1150.5,950.5,2302.,0.,3653.5,
352.5069885253906,352640.,85957.,34118.5,333292.,900.5,150.,50.,150.,150.,1361744.,200.,250.,0.,200.,1001.,1100.5,2602.5,50.,3253.,
355.5740051269531,353412.,80071.,25143.5,438916.,1201.,150.,150.,50.,0.,1557504.,350.,100.,150.,100.,1751.5,1100.5,2602.5,50.,3253.,
358.6400146484375,353544.,65845.5,28452.,404652.,850.5,450.,0.,0.,0.,1550016.,300.,250.,0.,0.,2252.,1100.5,2802.5,50.,2852.5,
361.7059936523438,352192.,80825.,33015.5,386560.,600.,100.,50.,0.,100.,1968016.,100.,100.,0.,150.,1851.5,1050.5,2652.5,50.,2552.5,
364.7730102539063,357640.,58310.,27399.5,364600.,900.5,100.,200.,50.,0.,1933712.,100.,150.,0.,150.,1901.5,1901.5,2752.5,0.,2702.5,
367.8389892578125,336704.,70670.,31411.,428316.,1301.,550.,250.,0.,0.,1298793.,500.,50.,0.,50.,1451.,1151.,4454.5,50.,3403.5,
370.9049987792969,341976.,64339.5,27700.5,418804.,550.,200.,150.,50.,50.,1660672.,250.,0.,0.,0.,1401.,2102.,3954.,0.,2252.,
373.9719848632813,325164.,73233.,24592.,406604.,550.,150.,450.,0.,50.,1055840.,150.,0.,0.,50.,2102.,1951.5,3503.,0.,2402.,
377.0379943847656,315960.,72579.,24291.5,423592.,700.,300.,100.,0.,100.,1440656.,150.,100.,0.,100.,1451.,1200.5,3703.5,50.,2202.,
380.10400390625,303824.,45157.5,21034.,230664.,1301.,400.,100.,0.,100.,714600.,200.,0.,0.,50.,1501.,1200.5,2352.,0.,2702.5,
383.1709899902344,290910.,32263.,11014.,179842.,500.,100.,100.,50.,0.,429544.,150.,0.,0.,0.,550.,500.,1301.,50.,1951.5,
386.2369995117188,277776.,22487.5,7108.,111836.,450.,150.,50.,50.,0.,189256.,100.,150.,0.,0.,250.,550.,1501.,50.,1301.,
389.3039855957031,290384.,18378.,5906.5,109365.,750.,250.,50.,50.,50.,109719.,0.,0.,0.,0.,450.,650.,1551.,100.,1351.,
392.3699951171875,280808.,13819.,5105.5,87014.,400.,200.,50.,50.,0.,71072.5,0.,0.,0.,0.,750.5,650.,1351.,0.,550.,
395.4360046386719,275896.,14170.,3703.5,91290.,200.,100.,50.,0.,0.,40840.5,0.,0.,0.,0.,650.5,400.,1901.5,0.,950.5,
398.5029907226563,270626.,10063.,3854.,85453.,350.,0.,50.,100.,0.,23089.,50.,0.,0.,50.,650.,550.,1901.5,50.,1000.5,
401.5690002441406,274134.,8360.,2802.5,83290.,250.,250.,50.,0.,0.,11214.5,0.,0.,0.,200.,1200.5,800.5,1651.,0.,850.5,
404.635009765625,261968.,8310.,2802.5,78965.,450.,50.,100.,50.,0.,5205.5,0.,0.,0.,0.,1100.5,550.,1451.,0.,950.5,
407.7019958496094,260616.,7608.5,3453.,80675.,200.,150.,0.,0.,0.,2652.,0.,0.,0.,0.,750.5,600.,1701.5,0.,750.,
410.7680053710938,260226.,7508.5,2652.5,82736.,500.,100.,100.,50.,0.,1351.,100.,200.,0.,0.,750.,750.5,2302.,100.,550.,
413.8340148925781,259448.,7208.5,3052.5,80674.,350.,200.,0.,50.,0.,250.,0.,0.,0.,100.,1050.5,850.5,2001.5,0.,500.,
416.9010009765625,253868.,5155.5,2702.5,86812.,300.,250.,0.,0.,0.,400.,0.,50.,0.,0.,850.5,950.5,950.5,50.,600.,
419.9670104980469,252874.,8660.5,2302.,80171.,350.,400.,200.,50.,0.,250.,50.,0.,50.,150.,650.,800.5,1451.,50.,750.,
423.0329895019531,253470.,6257.,2602.5,90334.,200.,200.,0.,0.,0.,200.,150.,0.,0.,100.,1301.,900.,1201.,0.,550.,
426.1000061035156,254964.,5856.5,3553.5,82837.,0.,150.,50.,0.,100.,250.,50.,0.,0.,50.,1101.,550.5,1501.,50.,750.5,
429.1659851074219,250040.,5906.5,2402.,86862.,300.,50.,50.,0.,0.,50.,0.,0.,0.,0.,1201.,650.,950.5,0.,1051.,
432.2319946289063,245974.,6307.,3103.,78461.,350.,100.,250.,0.,0.,0.,150.,0.,0.,0.,500.,550.,1401.,0.,800.5,
435.2990112304688,247288.,6357.,3353.,80876.,300.,100.,150.,0.,0.,200.,50.,50.,0.,100.,800.5,500.,1952.,0.,850.5,
438.364990234375,239216.,6858.,2953.,86459.,200.,250.,100.,0.,0.,50.,50.,0.,0.,100.,1050.5,600.,1301.,0.,600.,
441.4320068359375,246646.,6206.5,2101.5,86359.,450.,300.,100.,0.,0.,0.,0.,100.,0.,50.,700.5,400.,1751.5,0.,150.,
444.4979858398438,235918.,6557.,3003.,81680.,250.,150.,50.,0.,0.,250.,100.,850.5,100.,50.,750.5,900.5,950.5,100.,500.,
447.5639953613281,242202.,5856.,1951.5,82183.,300.,150.,0.,100.,200.,1051.,0.,4104.,250.,50.,850.5,800.5,2101.5,0.,850.5,
450.6310119628906,233372.,6257.,3203.,83542.,600.,300.,50.,100.,600.,4655.,0.,15021.,900.,250.,1401.,2001.5,2952.5,50.,600.,
453.6969909667969,257836.,6757.5,1901.5,82636.,200.,550.5,150.,500.,1851.5,15272.,0.,38231.5,4104.,300.,3153.,2953.,7458.5,0.,650.,
456.7630004882813,260162.,6257.,3203.,84346.,400.,750.5,1851.5,2252.,4054.,77657.,50.,82133.,8159.5,450.,9812.5,8260.,17977.5,100.,600.,
459.8299865722656,271342.,7258.5,2202.,88773.,150.,2852.5,2602.,3553.,8310.,160022.,50.,124940.,12817.5,900.,14921.5,16474.5,33266.,50.,600.,
462.89599609375,279276.,7308.5,3103.,86108.,500.,3503.,3153.,5556.,10864.,250670.,150.,143204.,16224.,1100.5,19380.5,22086.,40489.,0.,300.,
465.9620056152344,284628.,7909.,2502.,89880.,500.,4705.,4655.,7508.5,12316.,351828.,100.,188700.,20432.5,1201.,23189.,19180.,50175.,0.,900.5,
469.0289916992188,294370.,9261.,5155.5,95417.,200.,6256.5,5005.,8360.,12466.5,459140.,400.,200750.,21685.,1401.,32814.5,25595.,59415.,0.,800.5,
472.0950012207031,308636.,10763.5,3703.5,111533.,200.,6157.,5005.,8560.5,13919.,501728.,50.,201662.,19430.5,2752.5,35021.,30207.,67553.,50.,850.5,
475.1610107421875,335700.,13468.5,4555.,114861.,600.,7008.,4554.5,7659.,15672.5,582840.,150.,186776.,24843.,1751.5,31861.5,26196.5,67153.5,50.,750.5,
478.2279968261719,342160.,17827.,5255.5,130992.,550.,8510.5,4605.,6657.5,16073.5,617600.,400.,198374.,19480.5,1951.5,31661.5,21886.,61072.5,0.,1551.,
481.2940063476563,372756.,20232.,9011.,158002.,750.,5856.5,5556.,8660.5,13769.,736056.,350.,164974.,21535.,1351.,35422.5,25996.,50928.5,50.,1251.,
484.3599853515625,462564.,26096.,11965.5,169272.,850.5,4404.5,4054.,7409.,11815.5,746448.,300.,127209.,23540.,1151.,24592.,18478.5,49874.,50.,1201.,
487.427001953125,389712.,31110.,12867.5,209414.,550.,4254.,3654.,5155.5,9562.,530480.,400.,129581.,16324.,1501.5,19480.5,15622.5,39134.5,150.,1651.,
490.4930114746094,465192.,32163.,11966.,230310.,1451.,2852.5,2902.5,4254.5,7709.,491672.,850.5,89880.,11214.5,1200.5,14520.5,11364.5,24692.5,50.,2002.,
493.5599975585938,479952.,47013.,14120.,261376.,1101.,3253.,2152.,4204.5,5656.,611408.,350.,73484.,10012.5,700.5,9412.,10363.5,23289.,0.,1350.5,
496.6260070800781,382132.,45808.,14820.5,356984.,800.5,3253.,1501.,2352.5,5606.5,479572.,600.,53439.,7358.5,750.5,9562.,8360.,14119.5,50.,1551.5,
499.6919860839844,433408.,46360.5,23339.5,242198.,1050.5,2202.,1801.5,2252.,5606.,312520.,600.,38482.5,6006.5,300.,6708.,4504.5,16774.5,0.,1601.5,
502.7590026855469,425352.,57255.,19380.,331128.,800.,1901.5,1000.5,2202.,4404.5,246046.,650.5,36877.5,5806.,250.,5606.,4755.,9712.,0.,1501.,
505.8250122070313,360316.,40238.5,17526.5,360664.,800.5,1401.,1251.,1601.5,2502.,185306.,400.,28753.5,3653.5,350.,3954.,3053.,9912.5,0.,1451.5,
508.8909912109375,457992.,53790.,24943.,369728.,1050.5,900.5,700.,1501.5,2652.5,197762.,700.,20983.5,3653.5,200.,3152.5,3854.,10763.5,0.,1751.5,
511.9580078125,431376.,53991.,25845.5,416140.,1200.5,1301.,1051.,750.,2652.5,163258.,200.,23790.,4705.,350.,5005.5,3753.5,6858.,50.,1851.5,
515.0239868164063,415652.,56200.,22287.5,351156.,1150.5,1201.,1050.5,950.5,2452.,187432.,400.,19931.,2452.,200.,2402.,2903.,6307.,0.,2352.,
518.0900268554688,403996.,57808.5,28803.5,392760.,1101.,1301.,800.,700.,2552.5,143929.,300.,20783.,3403.,150.,2752.5,2302.,6857.5,100.,1751.5,
521.156982421875,399404.,60218.5,24793.,316952.,1100.5,1401.,600.,400.,1901.5,115262.,600.5,16524.5,2402.,400.,3603.5,3603.5,5406.,0.,1201.,
524.2230224609375,394424.,51781.5,24792.5,371200.,1250.5,1150.5,1000.5,650.,1901.5,99949.,200.,14620.5,1551.,50.,2602.5,3203.,5055.5,50.,1351.,
527.2890014648438,351676.,54744.5,20533.5,477164.,900.,1250.5,500.,1100.5,1901.5,103372.,250.,15973.5,1051.,350.,2652.5,2702.5,4505.,0.,1601.5,
530.3560180664063,336932.,49572.5,23890.5,411472.,650.,1751.,900.5,850.5,1601.5,90888.,350.,13719.,1501.5,100.,2202.,2652.5,4855.,50.,2102.,
533.4219970703125,380400.,53689.5,29154.,472624.,1100.5,850.5,1401.,1000.5,1300.5,110021.,850.5,14420.,2152.,250.,2953.,1952.,5005.5,0.,1801.5,
536.4879760742188,369476.,59617.,26346.5,379288.,750.,850.5,600.,550.,1651.,82589.,150.,14219.5,1951.5,400.,3603.5,2001.5,4955.,50.,2202.,
539.5549926757813,352580.,58159.,30708.5,419532.,700.5,1151.,600.,850.,1301.,76451.,450.,15121.5,2302.,100.,3003.,2802.5,4805.,100.,2202.,
542.6209716796875,347816.,50125.5,34019.5,437144.,1301.,700.,650.,500.,1451.,86008.,450.,10663.5,1251.,100.,2102.,1701.5,4004.,0.,2102.,
545.68798828125,386288.,60620.5,26948.5,531208.,1101.,1301.,350.,600.,400.,71574.,300.,13969.5,1000.5,150.,1902.,1501.,4755.,0.,2252.,
548.7540283203125,342828.,59264.,28602.5,438608.,800.5,850.5,600.,550.,1301.,76551.,700.,10012.5,1901.5,200.,2152.,2702.5,6156.5,50.,2001.5,
551.8200073242188,355000.,54493.5,30057.,438632.,1351.,1000.5,400.,350.,750.5,77355.,400.,8760.5,1651.5,300.,2852.5,1751.5,3653.5,0.,2151.5,
554.8870239257813,373072.,63986.,27349.5,579384.,1050.5,800.5,800.5,350.,850.5,69061.5,400.,10162.5,1251.,200.,1901.5,1151.,2902.5,0.,1251.,
557.9530029296875,366948.,64337.5,23791.,448532.,1100.5,650.,300.,400.,950.5,55196.,500.,7759.,1050.5,300.,1301.,1050.5,3703.5,50.,1401.,
561.0189819335938,346600.,56652.5,22487.,390200.,1451.,500.,150.,200.,700.,40037.5,400.,6156.5,500.,200.,2051.5,1751.5,3603.5,0.,1651.5,
564.0859985351563,381972.,51329.5,24342.,424864.,900.5,650.,500.,500.,250.,60068.,300.,5255.5,1000.5,150.,1301.,1150.5,2903.,50.,2652.5,
567.1519775390625,353720.,54442.5,27550.,435192.,800.,600.,600.5,200.,200.,46009.,350.,5356.,650.,50.,1401.,1050.5,3203.,100.,1301.,
570.218017578125,360344.,61475.,31661.5,540152.,1050.5,600.,350.,300.,350.,64040.,250.,4054.,250.,50.,1451.,1100.5,2802.5,0.,1551.,
573.2849731445313,348884.,60570.,23590.,514640.,1451.,350.,350.,50.,550.,41542.5,350.,5906.5,350.,50.,1001.,1651.5,2852.5,0.,1651.5,
576.3510131835938,344340.,52987.,27048.5,434948.,1451.5,550.,600.,250.,600.,33918.,550.5,2452.,250.,100.,1501.,700.,2002.,0.,1851.5,
579.4169921875,349080.,54092.,20933.5,391752.,1250.5,600.,100.,100.,50.,30608.,150.,3553.5,250.,50.,750.,850.5,2752.5,150.,1951.5,
582.4840087890625,337964.,50728.,27850.5,532768.,850.,450.,600.,0.,100.,25695.,250.,1551.5,250.,200.,700.,1001.,2152.,100.,1401.,
585.5499877929688,359424.,48320.5,25895.5,483640.,1150.5,450.,350.,200.,50.,29354.5,350.,1901.5,200.,0.,600.,900.5,3052.5,0.,2101.5,
588.6160278320313,353480.,52836.,27850.5,573320.,1000.5,350.,350.,150.,250.,27349.,200.,1901.5,250.,200.,1651.,950.5,2252.,150.,1451.,
591.6829833984375,331256.,67805.5,36024.5,543704.,650.,750.,450.,200.,150.,29204.5,400.,1751.5,300.,250.,1751.5,850.,2552.5,100.,1401.,
594.7490234375,354360.,49271.5,28903.5,403936.,900.5,650.,350.,150.,200.,25946.,350.,1401.,300.,150.,1100.5,650.,1701.5,50.,2151.5,
597.8159790039063,340972.,52183.5,26598.,501252.,650.,700.5,200.,100.,600.,24592.,450.,800.5,50.,50.,1100.5,650.,1701.5,0.,1751.,
600.8820190429688,311330.,41894.5,24742.5,449732.,1000.5,250.,750.,50.,50.,19180.,650.,900.5,100.,0.,750.,700.5,1701.,50.,1651.5,
603.947998046875,346740.,53488.5,32514.,490700.,750.,200.,550.,250.,0.,16524.5,250.,350.,150.,50.,1501.5,1151.,1951.5,50.,2001.5,
607.0150146484375,352856.,56602.,31962.5,408992.,1501.5,700.,550.5,0.,100.,19380.,200.,500.,0.,0.,1501.,750.,2051.5,0.,2102.,
610.0809936523438,343196.,63483.5,33366.5,400564.,800.5,500.,600.,0.,150.,21635.5,250.,800.,100.,0.,1050.5,1651.5,3453.5,50.,2002.,
613.14697265625,359548.,63835.5,31510.5,453688.,950.5,800.,250.,150.,200.,12617.,700.,300.,50.,0.,1451.,1201.,2151.5,0.,2202.,
616.2139892578125,354888.,59264.,29956.5,436980.,800.5,250.,300.,0.,100.,15171.5,200.,900.,0.,100.,650.,800.,1801.5,100.,1300.5,
619.280029296875,367604.,49171.,30959.,546240.,1601.,450.,200.,0.,50.,16023.5,600.,450.,100.,100.,1000.5,850.,2352.,50.,1801.5,
622.3460083007813,368648.,54342.5,21084.,586824.,1951.5,800.,250.,0.,300.,24792.5,650.,550.,50.,100.,1300.5,900.5,2002.,0.,1651.,
625.4130249023438,357992.,47866.5,24993.5,507972.,750.,600.5,150.,0.,200.,14721.,500.,500.,50.,150.,950.5,600.,2001.5,0.,1201.,
628.47900390625,361468.,55949.,34871.,551480.,1451.,700.,400.,0.,250.,12867.5,350.,650.,0.,50.,1050.5,650.5,2702.5,0.,1901.5,
631.5449829101563,320518.,59665.5,26998.5,621192.,1150.5,800.5,400.,0.,50.,15121.5,450.,500.,50.,50.,1050.5,500.,2852.5,0.,2151.5,
634.6119995117188,358684.,47263.5,27550.,447008.,850.,600.,150.,50.,100.,14771.,650.,250.,0.,100.,1251.,900.,2302.,0.,2002.,
637.677978515625,364240.,45106.5,24793.,555052.,1351.,250.,400.,0.,0.,12116.,400.,300.,0.,300.,1451.,650.,2102.,100.,2252.,
640.7440185546875,358192.,44654.,24742.5,586864.,1251.,300.,150.,0.,50.,15372.,600.5,50.,0.,200.,950.5,1100.5,2602.,50.,2151.5,
643.8109741210938,330032.,52233.5,29756.,410056.,1200.5,250.,50.,0.,100.,13118.,550.,150.,50.,100.,1301.,1201.,2452.,0.,1751.,
646.8770141601563,327680.,54191.5,26798.,528624.,1100.5,450.,250.,0.,0.,12166.,600.,150.,0.,0.,1050.5,1000.5,2152.,50.,1901.5,
649.9439697265625,346292.,53237.5,34118.5,503848.,1250.5,200.,250.,50.,50.,10613.5,350.,100.,0.,50.,750.,1251.,1551.,0.,1501.,
653.010009765625,344996.,50476.,22938.5,520700.,850.5,500.,250.,50.,100.,12266.5,450.,100.,0.,200.,950.5,650.,2352.,0.,1902.,
656.0759887695313,336848.,54091.5,34520.,472064.,550.,500.,150.,200.,0.,12166.,200.,200.,0.,0.,1100.5,1301.,2202.,50.,1351.,
659.1430053710938,353204.,55950.,23239.,645312.,1701.5,550.,350.,100.,200.,12116.,500.,100.,0.,50.,1251.,850.,1651.,0.,1451.,
662.208984375,350416.,54292.,25996.,483024.,950.5,950.5,200.,0.,200.,11765.5,600.,0.,100.,200.,800.,700.,2552.,0.,1902.,
665.2750244140625,334588.,57556.5,21735.5,472836.,900.5,350.,550.,0.,150.,10814.,850.5,100.,0.,150.,1451.5,1200.5,2102.,50.,2001.5,
668.3419799804688,327256.,43751.,23790.5,508852.,1651.,350.,350.,0.,100.,11815.5,150.,100.,0.,0.,1100.5,750.,1951.5,0.,1601.5,
671.4080200195313,351300.,47113.5,23088.5,550640.,900.5,400.,100.,0.,0.,11114.,400.,0.,0.,200.,1100.5,1100.5,1801.5,0.,2152.,
674.4739990234375,357608.,52786.,25294.,540308.,1401.,600.,650.5,0.,300.,8961.,450.,150.,0.,100.,950.5,950.5,2903.,0.,1902.,
