Trace for Mass:,Al27(LR),As75(LR),Se77(LR),Se78(LR),Se82(LR),Ag107(LR),Ag109(LR),Cd111(LR),Cd114(LR),In115(LR),Sn118(LR),La139(LR),Nd146(LR),Pb204(LR),Pb206(LR),Pb207(LR),Pb208(LR),Hg200(LR),Kr83(LR)
Resolution:,Low,Low,Low,Low,Low,Low,Low,Low,Low,Low,Low,Low,Low,Low,Low,Low,Low,Low,Low
,,,,,,,,,,,,,,,,,,,
Time,Intensity,Intensity,Intensity,Intensity,Intensity,Intensity,Intensity,Intensity,Intensity,Intensity,Intensity,Intensity,Intensity,Intensity,Intensity,Intensity,Intensity,Intensity,Intensity
[sec],[cps],[cps],[cps],[cps],[cps],[cps],[cps],[cps],[cps],[cps],[cps],[cps],[cps],[cps],[cps],[cps],[cps],[cps],[cps]

2.943000078201294,394956.,25695.,8360.,95115.,250.,150.,0.,0.,0.,100.,0.,0.,0.,0.,600.,700.,1701.5,50.,650.,
6.008999824523926,402096.,24341.5,8360.,78562.,450.,100.,50.,0.,0.,200.,50.,0.,0.,0.,800.5,550.,800.5,0.,750.,
9.076000213623047,418184.,23289.,7508.5,84950.,450.,100.,50.,0.,0.,150.,0.,0.,0.,0.,650.,750.,1251.,0.,550.,
12.14200019836426,417756.,23890.5,8460.,101660.,400.,250.,0.,50.,0.,50.,0.,100.,0.,100.,400.,500.,1100.5,0.,850.5,
15.20800018310547,420820.,32764.5,11365.,111634.,350.,50.,150.,0.,100.,250.,100.,0.,0.,0.,750.5,750.,1150.5,0.,800.5,
18.27499961853027,488216.,315724.,98437.,484776.,1701.5,450.,250.,50.,0.,22737.5,900.5,100.,0.,0.,2853.,1351.,4304.,50.,3103.,
21.34099960327148,681776.,699248.,222400.,1044672.,4254.5,400.,650.,0.,100.,3993664.,2352.,150.,0.,200.,2652.,4254.5,7759.,200.,5205.5,
24.40800094604492,630804.,822192.,286372.,1263616.,6607.5,800.,750.,100.,50.,8286750.5,1951.5,300.,0.,200.,1501.,1251.,3754.,0.,5606.,
27.47400093078613,660624.,656216.,253372.,1153808.,5506.,400.,500.,150.,100.,8044015.5,1851.5,250.,0.,100.,2101.5,1851.5,4654.5,50.,5456.,
30.54000091552734,555800.,494208.,152594.,928072.,4504.5,200.,500.,0.,100.,4621860.5,800.,150.,0.,0.,800.5,1451.,2502.5,0.,4004.,
33.60699844360352,529616.,332816.,117781.,609232.,2101.5,200.,150.,50.,250.,2226956.,850.5,150.,0.,0.,1000.5,300.,1451.,100.,4054.,
36.67300033569336,486204.,263324.,89780.,501588.,1001.,350.,200.,50.,0.,1511328.,400.,100.,0.,0.,900.5,550.,1701.,50.,2953.,
39.73899841308594,491556.,224630.,86963.,556144.,1501.5,200.,50.,0.,0.,1726256.,550.,50.,100.,50.,800.5,700.,1551.,0.,2352.,
42.80599975585938,500632.,201764.,63433.,416804.,1000.5,150.,300.,50.,50.,1577884.5,550.,50.,0.,0.,1050.5,300.,1501.,200.,2752.5,
45.87200164794922,463860.,213722.,82135.,476260.,850.5,100.,300.,50.,0.,1327225.75,400.,150.,0.,0.,850.5,450.,1801.5,50.,2051.5,
48.9379997253418,482164.,221834.,62780.5,313748.,1351.,100.,150.,0.,150.,2040640.,100.,150.,0.,50.,600.,1001.,1601.5,50.,2952.5,
52.00500106811523,477940.,226148.,60721.,571160.,850.5,200.,300.,0.,0.,2058063.5,550.,0.,0.,0.,900.,1201.,1201.,0.,1301.,
55.07099914550781,472112.,216206.,86057.,395736.,1001.,350.,50.,0.,0.,1526560.,150.,0.,0.,100.,950.5,400.,1651.,0.,2202.,
58.13700103759766,483428.,263428.,74038.,475608.,1301.,150.,300.,0.,250.,2072016.,550.,0.,0.,150.,1000.5,500.,1201.,100.,2902.5,
61.20399856567383,484344.,207236.,86662.,423492.,1601.,300.,50.,0.,50.,2160836.,300.,100.,0.,0.,850.5,800.5,1601.,0.,3153.,
64.26999664306641,484384.,179336.,77807.,395192.,1051.,350.,0.,0.,0.,1683680.,200.,0.,0.,50.,450.,650.,1100.5,50.,2102.,
67.33599853515625,475276.,183384.,70921.,510616.,1251.,100.,300.,0.,100.,1671552.,600.,0.,0.,50.,800.5,650.,2352.,0.,2202.,
70.40299987792969,478860.,172560.,75596.,421720.,1651.5,100.,50.,0.,0.,2222077.5,500.,50.,0.,100.,1000.5,1000.5,1801.5,150.,2152.,
73.46900177001953,472488.,208866.,57607.,498284.,1251.,200.,50.,0.,150.,2380436.75,250.,150.,0.,0.,800.5,500.,1401.,0.,1551.,
76.53600311279297,478520.,167960.,63684.,427356.,1300.5,100.,100.,0.,300.,2759060.25,500.,50.,50.,0.,1050.5,1200.5,1501.,100.,2302.,
79.60199737548828,474640.,223206.,68709.,410524.,850.5,200.,50.,0.,150.,2327773.25,500.,250.,0.,0.,550.5,700.,1551.,50.,1851.5,
82.66799926757813,467332.,171902.,63986.,486824.,750.5,50.,150.,0.,150.,3762721.25,100.,50.,0.,100.,1051.,700.,1351.,0.,2502.,
85.73500061035156,458132.,189660.,63584.,358924.,1000.5,200.,100.,50.,50.,3231092.25,350.,0.,0.,50.,450.,650.,1651.5,150.,1951.5,
88.80100250244141,459124.,146640.,57355.,413264.,1451.,50.,0.,0.,50.,3211529.,300.,0.,50.,200.,1251.,950.5,1751.5,50.,2002.,
91.86699676513672,458104.,177060.,58812.5,298952.,1551.5,100.,50.,0.,0.,2835450.25,450.,300.,0.,100.,1150.5,400.,1351.,0.,2252.,
94.93399810791016,442748.,165784.,55195.5,406964.,450.,50.,300.,0.,0.,2618615.5,200.,100.,0.,200.,650.5,450.,1551.,0.,2702.,
98.,453736.,144571.,52836.,504068.,750.,100.,50.,50.,0.,2676168.,150.,150.,0.,100.,950.5,400.,1601.5,150.,1301.,
101.0660018920898,456248.,163408.,56502.5,377560.,750.,100.,150.,0.,100.,2643373.5,200.,50.,0.,0.,750.5,600.,1751.,100.,1951.5,
104.1330032348633,446072.,158712.,51932.,463288.,1351.,300.,150.,0.,50.,2789640.,200.,100.,0.,250.,900.5,750.,1251.,0.,2402.5,
107.1989974975586,442676.,130692.,52735.5,467084.,900.5,150.,450.,0.,100.,2493443.75,200.,0.,0.,50.,550.,900.5,2502.5,100.,1000.5,
110.2649993896484,448708.,170486.,65242.,380424.,1100.5,150.,0.,50.,50.,2416704.,150.,0.,0.,100.,1050.5,1351.,2502.,50.,1451.5,
113.3320007324219,446584.,169172.,47263.5,482456.,1051.,0.,150.,0.,50.,2531962.75,100.,0.,50.,100.,600.5,550.,1251.,0.,1851.5,
116.3980026245117,438920.,172316.,56502.5,347280.,1401.,150.,0.,50.,0.,2160807.25,200.,150.,0.,100.,700.,1150.5,1901.5,50.,1901.5,
119.463996887207,444472.,168060.,58511.,374804.,1100.5,100.,250.,0.,50.,2761146.25,100.,400.,100.,0.,1050.5,500.,1851.5,150.,1701.5,
122.5309982299805,447684.,164622.,52032.5,404888.,900.5,300.,50.,0.,0.,2768224.5,150.,50.,0.,0.,750.,850.,2051.5,200.,2152.,
125.5970001220703,425996.,180248.,53287.5,342776.,1300.5,200.,100.,0.,0.,2528237.,350.,50.,0.,100.,500.,600.,1351.,0.,1952.,
128.6629943847656,448544.,151738.,53940.5,413140.,1050.5,100.,50.,0.,50.,2297248.,150.,50.,50.,0.,650.,1101.,1551.,0.,2252.,
131.7299957275391,440600.,136897.,43148.5,324036.,800.,100.,300.,100.,0.,2812818.75,50.,200.,0.,0.,1301.,650.,1701.5,0.,1901.5,
134.7960052490234,438648.,134323.,53539.,344980.,1000.5,100.,50.,0.,50.,2796710.,300.,0.,0.,100.,1151.,850.5,2152.,50.,2052.,
137.8630065917969,437920.,143710.,45557.,369716.,650.,150.,250.,0.,0.,2466060.75,200.,300.,0.,200.,650.,900.5,1701.5,200.,2001.5,
140.9290008544922,438392.,111281.,58461.,310728.,1051.,250.,100.,50.,150.,2517315.5,200.,100.,0.,100.,1351.,800.5,2152.,50.,1751.5,
143.9949951171875,429768.,133564.,46561.5,319856.,900.5,150.,100.,0.,50.,2390474.,250.,0.,0.,50.,1151.,450.,2302.,50.,1501.,
147.0619964599609,429368.,138156.,39987.5,523244.,850.5,300.,400.,0.,0.,2640963.75,300.,0.,0.,100.,1251.,550.,1951.5,0.,1751.5,
150.1280059814453,449420.,124183.,49171.,344768.,1401.,200.,150.,0.,200.,2782054.,50.,200.,0.,50.,1100.5,900.5,1501.,50.,2452.,
153.1940002441406,453264.,116118.,47966.5,353276.,1150.5,200.,200.,0.,150.,2680309.75,100.,0.,0.,100.,1000.5,800.5,2252.,100.,2152.,
156.2610015869141,449472.,157954.,55648.,331540.,1351.,250.,100.,100.,100.,2338490.75,0.,0.,0.,50.,800.5,1051.,1300.5,100.,1801.5,
159.3269958496094,440084.,141490.,46410.5,427176.,1201.,200.,200.,0.,50.,3251915.5,150.,100.,0.,100.,850.5,1151.,1801.5,0.,1851.5,
162.3930053710938,448396.,136441.,47063.,403576.,900.5,200.,100.,0.,0.,2490792.5,50.,50.,0.,50.,1151.,600.,2202.,100.,2302.,
165.4600067138672,448280.,160224.,45205.5,389120.,950.5,100.,100.,150.,100.,3235155.,250.,150.,50.,50.,850.5,700.,1451.,0.,1951.5,
168.5260009765625,444724.,175796.,55247.,351112.,1000.5,50.,100.,0.,0.,2105668.5,150.,150.,100.,150.,1151.,350.,2002.,50.,1601.,
171.5919952392578,441112.,181866.,56401.5,270948.,800.5,200.,50.,50.,0.,2215492.,150.,100.,0.,0.,750.5,400.,1251.,0.,1501.5,
174.6589965820313,444396.,194066.,72579.,282508.,1001.,0.,50.,0.,50.,2105424.,300.,0.,0.,0.,650.,400.,1101.,50.,2051.5,
177.7250061035156,452560.,176908.,90384.,291868.,750.,100.,50.,0.,0.,2147686.25,250.,50.,0.,50.,850.5,900.5,950.5,150.,1751.5,
180.7910003662109,479392.,208250.,61324.,298164.,1201.,200.,150.,0.,0.,2031520.,200.,50.,50.,50.,550.,350.,800.5,150.,2452.,
183.8580017089844,492536.,168668.,63032.,292600.,550.,50.,50.,0.,0.,1615680.,350.,50.,0.,50.,350.,550.,2001.5,0.,1851.5,
186.9239959716797,479680.,196548.,55699.,319904.,750.5,50.,150.,0.,150.,1851184.,50.,0.,0.,100.,700.,600.,1251.,0.,1851.5,
189.9909973144531,482680.,149060.,56753.,332160.,1051.,0.,50.,100.,150.,2331326.,50.,0.,0.,0.,500.,300.,1401.,0.,1951.5,
193.0570068359375,486972.,167806.,56803.,362248.,850.5,100.,50.,100.,0.,2292465.5,200.,50.,0.,0.,600.,1000.5,1551.,0.,1951.5,
196.1230010986328,479332.,186674.,63988.5,298416.,950.5,0.,200.,50.,0.,2115703.75,50.,200.,0.,100.,550.,600.5,850.,0.,1601.,
199.1900024414063,477156.,176454.,57355.5,302928.,1000.5,200.,200.,0.,200.,2334528.,0.,100.,0.,0.,900.5,500.,1251.,0.,1401.,
202.2559967041016,466280.,145274.,50627.,407060.,1151.,100.,0.,0.,0.,2744995.25,200.,0.,0.,0.,750.,1151.,1501.,50.,2802.5,
205.3220062255859,467980.,171954.,75348.5,336444.,1000.5,200.,100.,0.,100.,2123104.,100.,50.,50.,50.,1000.5,900.5,1201.,0.,2051.5,
208.3890075683594,472084.,169324.,61876.5,277668.,450.,100.,50.,50.,200.,2383197.,200.,0.,0.,100.,1050.5,850.5,1451.5,0.,2002.,
211.4550018310547,461580.,142800.,60569.5,280330.,550.,150.,150.,0.,0.,2787898.75,350.,0.,100.,200.,900.5,300.,1501.,50.,1751.5,
214.52099609375,459144.,154666.,45708.,299212.,500.,0.,250.,0.,50.,2698881.,200.,0.,0.,0.,1150.5,700.,1501.,100.,1501.,
217.5879974365234,453444.,182626.,60972.,403420.,1000.5,0.,150.,0.,50.,2925816.,150.,0.,0.,100.,850.5,600.,1451.,500.5,2452.,
220.6540069580078,456160.,159466.,49623.,326032.,450.,350.,250.,0.,150.,2966359.5,50.,100.,100.,0.,1100.5,350.,1501.,0.,1551.,
223.7200012207031,462308.,165230.,50124.5,369724.,1301.,250.,150.,0.,50.,3288639.5,300.,0.,0.,100.,700.,850.,2051.5,0.,2352.,
226.7870025634766,438784.,150072.,47515.,419784.,900.5,150.,200.,0.,100.,2562018.,250.,0.,0.,0.,850.,550.,1651.,0.,2652.5,
229.8529968261719,451020.,152140.,57205.,334052.,700.5,100.,100.,0.,0.,2368295.5,0.,0.,50.,0.,1401.,800.5,1401.,100.,1301.,
232.9190063476563,452356.,167002.,51028.5,282300.,1000.5,150.,100.,0.,50.,2522816.,50.,500.5,0.,150.,900.,1201.,2051.5,50.,1952.,
235.9859924316406,436276.,166242.,47264.,356880.,850.,200.,100.,0.,200.,2452278.5,100.,50.,0.,150.,600.,800.5,1951.5,150.,1701.,
239.052001953125,445892.,151484.,62177.5,331540.,750.,250.,250.,0.,0.,2336379.5,350.,100.,0.,50.,900.,900.5,1251.,50.,1651.5,
242.1190032958984,431220.,148404.,59766.,285412.,900.5,250.,0.,0.,50.,2580372.,250.,200.,0.,100.,1100.5,850.,1501.,0.,2552.5,
245.1849975585938,448712.,128773.,53740.,348704.,1401.,350.,50.,0.,50.,2711002.75,400.,0.,0.,0.,650.,450.,1101.,50.,1951.5,
248.2510070800781,445740.,174230.,48469.,312968.,550.,200.,100.,50.,50.,2094578.5,550.,0.,0.,0.,700.5,350.,1351.,0.,1651.,
251.3179931640625,432000.,169022.,51781.5,316300.,650.,150.,300.,0.,250.,2528052.25,250.,100.,0.,50.,900.5,800.5,2101.5,100.,1401.,
254.3840026855469,442604.,162358.,45356.5,316748.,800.5,100.,150.,0.,0.,3121637.,100.,50.,0.,500.,850.,700.,2052.,100.,2452.5,
257.4500122070313,442756.,138919.,50677.,332476.,1351.,0.,50.,0.,0.,2465343.25,450.,0.,0.,0.,1100.5,750.5,2151.5,100.,2051.5,
260.5169982910156,431908.,142750.,52183.5,380160.,1100.5,150.,100.,0.,150.,2767415.25,200.,50.,50.,0.,1300.5,650.5,2602.5,0.,2101.5,
263.5830078125,430632.,135484.,52434.5,351616.,700.5,200.,150.,0.,50.,2733186.,300.,100.,50.,0.,1050.5,950.5,2051.5,50.,2151.5,
266.6489868164063,430736.,179086.,50576.5,322160.,600.,150.,100.,0.,150.,2420295.5,200.,50.,0.,50.,750.5,1501.5,2002.,0.,1551.,
269.7160034179688,431492.,143254.,53689.,412908.,650.5,100.,100.,0.,100.,2299864.5,50.,150.,0.,0.,950.5,1601.5,1751.5,0.,1901.5,
272.7820129394531,426288.,135076.,58310.5,327508.,750.,50.,200.,0.,50.,2287998.,300.,0.,50.,50.,550.,950.5,1451.,0.,1601.,
275.8479919433594,429996.,134018.,58560.5,306300.,950.5,300.,100.,100.,50.,2411481.5,0.,50.,0.,50.,1000.5,800.,1651.,0.,1601.5,
278.9150085449219,431364.,153706.,49473.,379544.,1301.,150.,300.,0.,50.,2532874.5,100.,200.,0.,50.,1000.5,800.5,1601.,0.,1901.5,
281.9809875488281,424328.,103825.,44704.,248890.,300.,50.,250.,0.,0.,1713968.,250.,50.,0.,100.,900.5,1000.5,1100.5,0.,2302.,
285.0469970703125,416756.,82988.,33065.5,247368.,650.,0.,100.,0.,50.,1622704.,50.,0.,0.,0.,850.5,600.,2101.5,0.,1150.5,
288.114013671875,413008.,88824.,35222.,270294.,700.,150.,0.,50.,50.,2427336.75,100.,50.,0.,0.,750.,500.,1801.5,100.,1401.,
291.1799926757813,426632.,119595.,36626.5,293756.,550.,150.,50.,0.,50.,2112126.25,100.,0.,0.,50.,1301.,600.,1651.5,250.,1250.5,
294.2470092773438,412360.,126907.,40689.5,461048.,550.,100.,50.,0.,100.,2990772.,150.,100.,50.,100.,1000.5,600.,2152.,0.,2202.,
297.31298828125,407812.,123780.,51681.5,347932.,1151.,50.,100.,0.,0.,2679136.,50.,0.,50.,100.,850.5,1050.5,1601.,100.,1651.,
300.3789978027344,406380.,124339.,56200.5,294008.,1000.5,200.,250.,0.,100.,2247475.75,250.,0.,0.,50.,1501.,900.,1601.,50.,1451.,
303.4460144042969,418640.,139725.,45507.,422964.,850.,50.,400.,0.,200.,2681624.5,200.,50.,0.,50.,900.5,650.,2302.,0.,1401.,
306.5119934082031,424052.,152498.,44353.,316028.,1251.,150.,250.,0.,100.,2399350.,150.,400.,50.,0.,1250.5,1501.5,2853.,100.,2152.,
309.5780029296875,423972.,141488.,60068.,302624.,950.5,50.,150.,150.,100.,2380085.,350.,50.,0.,100.,1150.5,500.,2152.,50.,2802.5,
312.6449890136719,422876.,140484.,61122.5,325156.,700.,250.,400.,0.,0.,2833848.75,150.,100.,150.,100.,700.,1050.5,2552.,0.,2001.5,
315.7109985351563,406264.,148302.,71323.,385156.,1100.5,250.,50.,100.,50.,2248704.,250.,50.,50.,0.,850.5,600.,1101.,100.,1601.5,
318.7770080566406,414420.,158104.,73786.,359232.,900.5,50.,50.,0.,50.,1478331.,150.,0.,0.,0.,500.,600.,1250.5,0.,2652.5,
321.843994140625,433484.,240108.,66700.,297984.,1851.5,300.,50.,0.,0.,2065470.,100.,0.,50.,50.,650.,450.,900.,0.,2452.,
324.9100036621094,429736.,244270.,83089.,360216.,1501.,250.,50.,0.,0.,1639987.5,100.,50.,50.,0.,400.,450.,600.,0.,3353.5,
327.9760131835938,466452.,296708.,86862.,296964.,1551.5,400.,0.,0.,50.,1469312.,150.,0.,0.,100.,650.5,350.,900.5,0.,3753.5,
331.0429992675781,480828.,307720.,79418.,430720.,1601.,150.,50.,0.,0.,1954672.,200.,0.,0.,0.,300.,300.,650.,0.,4304.5,
334.1090087890625,497708.,247212.,101609.,306752.,1251.,150.,250.,0.,0.,1615418.625,350.,0.,0.,0.,950.5,700.,700.,0.,2552.,
337.1749877929688,506964.,210376.,80473.,368148.,800.5,0.,200.,0.,0.,1430016.,500.,50.,50.,0.,750.,700.,1201.,50.,3904.,
340.2420043945313,489600.,195584.,72730.,389120.,1651.5,50.,150.,0.,0.,1602032.,500.,50.,0.,250.,800.5,550.,1151.,50.,3703.5,
343.3080139160156,507096.,210282.,78965.,358868.,900.5,150.,150.,50.,50.,1249888.,300.,0.,50.,0.,900.5,800.5,2202.,0.,2752.5,
346.375,474180.,97178.,36927.5,188144.,650.,0.,50.,50.,0.,852824.,250.,0.,50.,50.,650.5,650.,1551.5,0.,2852.5,
349.4410095214844,452596.,67804.5,21935.5,145374.,400.,200.,150.,0.,100.,464596.,50.,50.,50.,50.,700.5,700.,1651.,0.,2502.,
352.5069885253906,435740.,105035.,39636.,269986.,800.5,100.,50.,0.,50.,1088672.,200.,100.,0.,150.,1501.5,600.,2202.,50.,2552.5,
355.5740051269531,443900.,156182.,47213.5,317352.,600.,150.,50.,50.,100.,1700032.,450.,50.,150.,50.,950.5,550.,1701.5,100.,2953.,
358.6400146484375,440700.,137253.,53036.5,363280.,1301.,100.,350.,50.,0.,1546464.,150.,0.,0.,200.,1801.5,1301.,2352.,0.,3103.,
361.7059936523438,425884.,167958.,55296.5,469176.,950.5,300.,0.,0.,0.,1614384.5,350.,150.,0.,0.,1401.,900.5,2702.5,0.,1701.,
364.7730102539063,429596.,152596.,46862.5,451628.,1000.5,250.,0.,50.,200.,1853504.,200.,150.,100.,50.,2051.5,1501.,1901.5,0.,2902.5,
367.8389892578125,423692.,143306.,47916.,395220.,1401.,150.,450.,0.,50.,1593872.,100.,100.,0.,0.,1000.5,1000.5,2002.,0.,1851.5,
370.9049987792969,416356.,151938.,45507.,441724.,750.5,50.,150.,0.,50.,1707024.,350.,100.,0.,150.,1151.,1401.,2502.5,0.,2201.5,
373.9719848632813,415268.,171598.,56049.5,322304.,950.5,550.,500.,0.,0.,1293216.,400.,50.,0.,200.,1201.,900.5,2602.5,150.,2302.,
377.0379943847656,414116.,140832.,49623.5,442396.,1100.5,50.,50.,200.,0.,1125144.,400.,50.,0.,0.,650.5,1050.5,1651.,150.,3403.5,
380.10400390625,382552.,124386.,48920.,306324.,850.5,200.,0.,50.,0.,1009528.,150.,0.,50.,0.,750.,550.,1651.,0.,2001.5,
383.1709899902344,380904.,88773.,25043.,159566.,450.,150.,150.,0.,50.,427448.,100.,0.,0.,150.,600.,700.,1551.,0.,2252.,
386.2369995117188,384500.,60569.5,19029.5,153256.,600.,100.,100.,0.,0.,246960.,0.,150.,0.,50.,750.,450.,1050.5,0.,2002.,
389.3030090332031,381668.,41542.5,13268.,97782.,300.,0.,0.,50.,50.,114707.,50.,50.,0.,200.,250.,900.5,1250.5,150.,1701.5,
392.3699951171875,380592.,39737.,14219.5,97984.,550.,100.,100.,0.,50.,67804.,0.,0.,0.,200.,550.,450.,1401.,0.,800.5,
395.4360046386719,367332.,30508.,9061.,94964.,300.,200.,50.,0.,0.,37429.,50.,0.,0.,0.,850.,400.,1401.,100.,800.5,
398.5029907226563,362728.,26146.5,7959.5,92397.,50.,250.,100.,0.,100.,15973.,50.,0.,0.,150.,650.5,600.5,1200.5,50.,1501.5,
401.5690002441406,359032.,26446.5,7809.,93505.,750.5,150.,100.,0.,50.,11064.,50.,0.,0.,50.,450.,600.,750.,50.,900.5,
404.635009765625,354152.,20081.5,6557.5,90283.,200.,150.,0.,0.,0.,6607.5,50.,0.,0.,100.,550.,500.,1251.,0.,500.,
407.7019958496094,350120.,20382.5,5956.5,96927.,450.,0.,50.,0.,0.,4354.5,50.,0.,0.,0.,700.5,450.,1401.,50.,1101.,
410.7680053710938,348292.,19731.,5656.,87014.,500.,50.,150.,0.,50.,1350.5,0.,50.,50.,0.,250.,150.,1000.5,0.,800.,
413.8340148925781,346348.,19580.5,8009.5,90635.,250.,50.,150.,0.,0.,1901.5,0.,100.,50.,0.,550.,250.,1451.5,0.,1151.,
416.9010009765625,340836.,19731.,7658.5,90736.,150.,250.,0.,0.,50.,1150.5,0.,150.,0.,0.,450.,500.,1251.,50.,800.5,
419.9670104980469,334032.,19330.,6357.,99998.,250.,50.,150.,0.,50.,1150.5,100.,0.,0.,0.,400.,400.,950.5,50.,800.,
423.0329895019531,339068.,16824.5,7008.,84749.,200.,250.,0.,0.,0.,850.,50.,0.,150.,0.,550.,900.5,1451.,0.,1000.5,
426.1000061035156,336956.,19229.5,5756.,89025.,250.,50.,50.,0.,100.,850.5,0.,0.,0.,200.,150.,550.,1451.,0.,900.5,
429.1659851074219,336084.,18779.,7559.,80423.,250.,50.,150.,0.,100.,450.,100.,0.,0.,50.,400.,300.,700.5,0.,300.,
432.2319946289063,323176.,17726.5,6507.,82032.,100.,150.,100.,0.,0.,150.,0.,0.,0.,0.,250.,550.5,1751.5,0.,600.,
435.2990112304688,336116.,15171.5,5205.5,89881.,200.,0.,50.,0.,0.,250.,0.,0.,0.,0.,800.,550.,1451.,50.,550.,
438.364990234375,333972.,17125.5,4605.,81982.,250.,350.,50.,0.,0.,300.,150.,0.,0.,50.,250.,550.,1301.,50.,850.5,
441.4309997558594,334032.,17777.,6006.5,90786.,200.,50.,150.,0.,0.,50.,0.,0.,0.,50.,1050.5,650.5,1601.,0.,500.,
444.4979858398438,328436.,17727.,6007.,94661.,150.,200.,50.,0.,0.,500.,0.,0.,0.,0.,550.,250.,1401.,0.,500.,
447.5639953613281,334632.,18478.,5706.,89880.,50.,0.,0.,0.,0.,1901.5,0.,0.,0.,50.,650.,450.,1401.,100.,700.5,
450.6310119628906,333226.,19280.,5656.5,83390.,250.,0.,0.,0.,0.,7809.,50.,0.,0.,150.,900.,850.5,1101.,0.,750.5,
453.6969909667969,336164.,17827.,4404.5,95870.,150.,200.,0.,50.,50.,32765.,0.,0.,0.,200.,850.5,500.,1401.,0.,850.5,
456.7630004882813,344392.,18628.5,7008.,92447.,150.,100.,100.,0.,100.,106192.,0.,200.,50.,0.,1100.5,350.,1651.,0.,850.,
459.8299865722656,357728.,17576.,6607.5,94511.,50.,0.,0.,0.,0.,200800.,0.,50.,50.,0.,1000.5,1050.5,2302.,0.,650.,
462.89599609375,350268.,18679.,6407.,84849.,200.,450.,250.,0.,0.,323168.,100.,100.,0.,100.,1000.5,950.5,2352.,0.,550.,
465.9620056152344,366784.,21885.5,6758.,106042.,500.,300.,250.,0.,0.,385640.,150.,150.,0.,200.,1000.5,750.,1701.5,200.,850.5,
469.0289916992188,372904.,23139.,7809.,99897.,400.,0.,50.,50.,50.,439196.,50.,200.,0.,250.,1050.5,850.,2402.,0.,800.5,
472.0950012207031,378592.,27600.,8660.5,104883.,450.,250.,100.,100.,100.,679432.,350.,400.,0.,50.,750.5,450.,2202.,0.,550.,
475.1610107421875,396896.,37881.,11014.,108559.,700.,150.,200.,0.,0.,727176.,350.,250.,0.,100.,1251.,950.5,2101.5,250.,500.,
478.2279968261719,426892.,48167.,13669.,155982.,350.,50.,250.,0.,0.,692512.,500.,550.,0.,0.,1101.,900.5,1551.,0.,1000.5,
481.2940063476563,437360.,65895.,22637.5,182726.,450.,100.,200.,0.,100.,765728.,600.,400.,0.,250.,800.,1100.5,2402.,0.,1501.,
484.3599853515625,458772.,74238.,25644.5,172662.,250.,150.,350.,0.,100.,751040.,700.5,50.,0.,0.,1100.5,400.,1951.5,150.,1451.,
487.427001953125,508380.,76048.,30407.5,266426.,800.5,150.,450.,0.,50.,778832.,550.,100.,0.,100.,700.,400.,1200.5,0.,1451.,
490.4930114746094,517844.,93002.,36225.,268460.,650.,100.,300.,0.,200.,642952.,1301.,0.,0.,0.,750.,700.5,1601.5,0.,2202.,
493.5589904785156,519368.,89629.,36426.,302124.,1801.5,250.,350.,0.,50.,648856.,1451.,50.,0.,50.,650.,800.,1601.5,100.,1401.,
496.6260070800781,503660.,127663.,35573.5,267800.,600.5,200.,350.,0.,250.,356964.,850.,0.,100.,50.,750.5,600.,1301.,0.,1451.,
499.6919860839844,517560.,120151.,33867.5,393096.,1101.,300.,50.,0.,50.,285148.,1000.5,0.,0.,50.,850.,450.,1050.5,50.,1351.,
502.7590026855469,484432.,135131.,40288.5,281736.,700.,200.,150.,0.,0.,255298.,1050.5,100.,0.,0.,500.,850.5,1551.,200.,2302.,
505.8250122070313,504572.,126504.,48066.5,384732.,1951.5,50.,250.,0.,350.,251034.,950.5,0.,0.,0.,650.5,350.,1100.5,100.,1951.5,
508.8909912109375,458308.,118839.,44503.5,411188.,700.,50.,300.,0.,0.,216788.,800.5,0.,0.,0.,1000.5,950.5,1551.,0.,2202.,
511.9580078125,453504.,123582.,46109.,562944.,600.,350.,200.,100.,50.,163766.,950.5,0.,0.,200.,500.,600.,1401.,0.,1851.5,
515.0239868164063,441700.,123631.,45055.5,440604.,650.,50.,350.,0.,350.,168422.,800.,200.,0.,100.,800.,350.,1901.5,0.,1651.,
518.0900268554688,505204.,133110.,46761.5,414296.,1000.5,450.,400.,50.,100.,165480.,400.,0.,0.,100.,650.,700.,950.5,0.,2252.,
521.156982421875,485616.,133721.,50276.,446228.,1000.5,350.,100.,0.,0.,122472.,900.5,350.,0.,50.,450.,450.,1801.5,50.,2152.,
524.2230224609375,519508.,113347.,44854.5,485584.,1501.5,150.,150.,0.,0.,103179.,1100.5,0.,0.,200.,1050.5,500.,1451.,0.,1751.5,
527.2890014648438,424340.,158658.,52284.5,440832.,1250.5,150.,150.,50.,0.,119348.,700.,0.,0.,50.,900.5,700.,1201.,100.,2602.5,
530.3560180664063,435292.,146690.,57154.5,430208.,1801.5,200.,350.,0.,200.,81580.,650.,0.,0.,0.,1050.5,300.,1951.5,0.,1501.,
533.4219970703125,423208.,138508.,39887.5,475400.,1100.5,150.,250.,100.,150.,96675.,700.,50.,0.,50.,550.,900.5,1601.,50.,1451.5,
536.4879760742188,429820.,130236.,53090.,412876.,1951.5,300.,250.,50.,0.,99898.,300.,0.,50.,0.,800.,450.,1851.5,50.,2102.,
539.5549926757813,423156.,155880.,50727.,544120.,750.5,350.,500.,50.,200.,76402.,600.,0.,0.,0.,1000.5,650.,1401.,50.,2051.5,
542.6209716796875,435776.,129832.,60470.,504416.,900.5,50.,200.,50.,100.,98539.,850.,0.,0.,250.,850.5,800.5,1451.5,0.,1601.5,
545.68701171875,458912.,146740.,53087.,443480.,1201.,900.5,50.,0.,0.,94411.,700.,0.,0.,200.,650.5,600.,1801.5,0.,2051.5,
548.7540283203125,425580.,160124.,50626.5,576048.,1701.5,200.,200.,0.,50.,68307.5,1000.5,50.,0.,50.,850.5,1000.5,1501.,50.,2602.5,
551.8200073242188,417612.,120256.,69764.,521392.,450.,250.,350.,0.,0.,98084.,700.5,150.,0.,0.,650.,500.,2452.5,50.,2052.,
554.8870239257813,448296.,175996.,54694.,386160.,2152.,350.,350.,0.,50.,83240.,750.5,50.,0.,0.,550.,950.5,1901.5,50.,2251.5,
557.9530029296875,435836.,146234.,50727.,444484.,950.5,150.,550.,0.,100.,61775.5,400.,0.,0.,0.,950.5,600.,2202.,0.,2052.,
561.0189819335938,448952.,159014.,48117.,514012.,1601.,200.,350.,0.,250.,57807.5,650.,0.,50.,150.,950.5,500.,1801.5,0.,1551.,
564.0859985351563,424636.,130589.,54393.5,509600.,1201.,100.,150.,50.,50.,52284.,550.,0.,0.,0.,650.5,700.5,2202.,100.,1501.,
567.1519775390625,429052.,156486.,42546.5,434472.,1951.5,250.,350.,50.,0.,54643.,700.,50.,0.,100.,400.,650.5,1401.,100.,1851.5,
570.218017578125,393544.,137150.,58560.5,428020.,1151.,100.,200.,0.,0.,53538.5,800.5,0.,0.,0.,1000.5,700.,2001.5,50.,2352.,
573.2849731445313,407136.,125344.,49874.,452452.,1251.,350.,150.,0.,0.,45958.5,350.,50.,0.,50.,800.5,650.,1951.5,150.,2752.5,
576.3510131835938,416720.,157950.,57958.,497116.,1200.5,350.,350.,50.,0.,42847.5,250.,0.,0.,0.,1151.,600.,1751.,0.,1751.,
579.4169921875,415480.,125999.,63284.5,483128.,1051.,350.,250.,0.,0.,35773.5,300.,150.,50.,0.,950.5,900.,1601.5,0.,1851.5,
582.4840087890625,418864.,125293.,56803.5,418652.,650.,450.,250.,0.,50.,29455.,550.,0.,200.,150.,650.,1050.5,2052.,250.,2252.,
585.5499877929688,402632.,139929.,62328.5,584192.,900.,350.,400.,0.,50.,36375.5,850.5,0.,50.,0.,500.,650.,1751.5,50.,1150.5,
588.6160278320313,417460.,163106.,48318.,533584.,1101.,150.,500.,0.,50.,27700.5,800.,50.,0.,0.,450.,650.,1751.5,100.,1701.5,
591.6829833984375,428024.,116724.,50677.,518400.,1051.,300.,500.,100.,300.,27048.5,400.,100.,0.,50.,1000.5,700.5,2302.,0.,2452.,
594.7490234375,412312.,149970.,59264.5,647200.,1100.5,300.,200.,0.,0.,30107.,450.,0.,0.,250.,950.5,800.,1701.5,150.,1851.5,
597.8150024414063,406876.,140274.,46411.,462444.,1751.,750.,250.,0.,50.,27800.5,550.,0.,0.,0.,1050.5,550.,1000.5,150.,1701.5,
600.8820190429688,397824.,146838.,59414.5,585264.,1000.5,50.,100.,100.,150.,22487.,350.,50.,0.,100.,1150.5,750.5,2201.5,50.,2803.,
603.947998046875,420112.,121616.,46812.,498856.,1050.5,700.5,350.,50.,300.,21435.,350.,150.,0.,200.,900.5,900.5,2602.5,200.,2202.,
607.0150146484375,402596.,126857.,58962.5,498020.,1701.5,250.,300.,200.,50.,25795.5,350.,0.,0.,200.,500.,350.,1601.,350.,2552.,
610.0809936523438,452500.,127515.,50125.,508864.,1501.,200.,300.,0.,150.,17827.,800.,200.,0.,50.,850.5,600.,1751.5,0.,1701.5,
613.14697265625,401720.,143606.,55447.,504108.,1451.,150.,450.,0.,50.,19480.5,350.,0.,0.,100.,1101.,1151.,2402.,0.,2001.5,
616.2139892578125,410104.,154466.,42345.5,644352.,900.5,650.5,250.,0.,0.,13969.5,750.5,0.,0.,150.,1601.,750.,1701.5,0.,1801.5,
619.280029296875,431472.,141187.,43951.5,363248.,1701.,450.,200.,100.,250.,21385.,400.,50.,50.,100.,700.,1050.5,1401.,0.,1501.,
622.3460083007813,415080.,161994.,55748.5,607984.,1601.5,450.,300.,50.,0.,14871.,500.,50.,0.,50.,1651.5,1001.,1351.,50.,2252.,
625.4130249023438,442236.,137602.,57456.,606128.,1251.,350.,300.,50.,50.,18128.,350.,0.,0.,0.,1051.,350.,1902.,150.,1751.5,
628.47900390625,400952.,144768.,62631.,420188.,1451.,350.,350.,0.,0.,12516.5,50.,100.,100.,150.,800.5,1151.,2452.,150.,2302.,
631.5449829101563,394368.,121915.,55748.,479836.,1301.,350.,200.,0.,0.,14119.5,500.,0.,50.,0.,950.5,600.,1751.5,0.,2202.,
634.6119995117188,434488.,163864.,51983.5,535592.,750.,450.,250.,0.,0.,22136.5,550.,50.,0.,50.,1051.,950.5,1351.,0.,2202.,
637.677978515625,405384.,123176.,51129.5,569888.,1301.,200.,50.,0.,0.,17125.5,200.,0.,100.,50.,1201.,600.,1951.5,0.,1902.,
640.7440185546875,409988.,143506.,59415.5,553680.,1601.,350.,100.,50.,0.,17776.5,500.,100.,0.,100.,600.,400.,1801.5,50.,2302.,
643.8109741210938,405724.,142700.,51029.5,608760.,950.5,100.,600.,0.,200.,12817.5,450.,50.,0.,100.,1050.5,1601.5,1701.5,0.,2352.,
646.8770141601563,426236.,153825.,44453.,534152.,1401.,300.,200.,0.,0.,15923.,500.,0.,0.,150.,700.,1150.5,1901.5,50.,2652.5,
649.9429931640625,421512.,122571.,47565.,581232.,1150.5,300.,250.,0.,0.,17175.5,300.,0.,50.,0.,1401.,1401.,1301.,0.,2252.,
653.010009765625,423648.,138712.,41693.,464144.,1701.5,250.,150.,0.,100.,13368.,450.,50.,0.,100.,1551.5,1201.,2252.,250.,1651.5,
656.0759887695313,410508.,124386.,39586.5,661256.,1401.,300.,100.,0.,50.,10062.5,650.,150.,0.,50.,700.5,1300.5,2202.,100.,2052.,
659.1430053710938,456812.,93152.,56502.,480880.,1201.,500.,300.,0.,50.,11365.,150.,150.,0.,100.,1051.,1000.5,1751.5,0.,2402.,
662.208984375,426584.,129278.,56401.,536056.,1501.,400.,200.,0.,100.,14220.,250.,0.,0.,0.,1250.5,1000.5,2101.5,0.,2152.,
665.2750244140625,422568.,117983.,53238.,573256.,900.,800.5,100.,0.,100.,12166.5,550.,100.,100.,300.,700.,1301.,2101.5,100.,2502.,
668.3419799804688,407744.,133364.,46160.5,496340.,1701.,150.,300.,0.,50.,13669.,500.,0.,0.,0.,1200.5,950.5,2552.5,50.,1351.,
671.4080200195313,432880.,126303.,47565.,563544.,1251.,150.,200.,0.,200.,8961.,650.,100.,0.,100.,850.,1150.5,1751.5,0.,2352.,
674.4739990234375,416204.,140984.,47013.,435548.,1351.,400.,250.,0.,100.,11715.5,350.,0.,0.,150.,1050.5,1000.5,2352.,0.,2101.5,
