Trace for Mass:,Al27(LR),As75(LR),Se77(LR),Se78(LR),Se82(LR),Ag107(LR),Ag109(LR),Cd111(LR),Cd114(LR),In115(LR),Sn118(LR),La139(LR),Nd146(LR),Pb204(LR),Pb206(LR),Pb207(LR),Pb208(LR),Hg200(LR),Kr83(LR)
Resolution:,Low,Low,Low,Low,Low,Low,Low,Low,Low,Low,Low,Low,Low,Low,Low,Low,Low,Low,Low
,,,,,,,,,,,,,,,,,,,
Time,Intensity,Intensity,Intensity,Intensity,Intensity,Intensity,Intensity,Intensity,Intensity,Intensity,Intensity,Intensity,Intensity,Intensity,Intensity,Intensity,Intensity,Intensity,Intensity
[sec],[cps],[cps],[cps],[cps],[cps],[cps],[cps],[cps],[cps],[cps],[cps],[cps],[cps],[cps],[cps],[cps],[cps],[cps],[cps]

2.943000078201294,224288.,3253.5,1801.5,75797.,100.,450.,100.,0.,0.,150.,0.,0.,0.,100.,350.,650.5,850.5,0.,150.,
6.008999824523926,227646.,3403.,1901.5,74892.,450.,400.,0.,0.,0.,50.,0.,0.,0.,0.,500.,650.,1000.5,0.,300.,
9.076000213623047,230614.,3854.,2001.5,75092.,50.,500.,50.,0.,0.,100.,0.,0.,0.,100.,450.,400.,950.5,150.,500.,
12.14200019836426,235804.,3704.,1651.5,68659.,150.,250.,200.,0.,0.,200.,0.,0.,0.,0.,300.,200.,1201.,0.,900.5,
15.20800018310547,225318.,3853.5,2051.5,78511.,200.,250.,50.,100.,0.,150.,50.,0.,0.,0.,500.,1501.5,1701.5,50.,800.,
18.27499961853027,293928.,25244.,17576.5,374276.,2402.,150.,400.,0.,50.,1901.5,550.,0.,0.,100.,2302.,3303.,4354.5,200.,1100.5,
21.34099960327148,396192.,74037.,29906.5,692680.,5055.5,500.,200.,0.,300.,1617360.,1100.5,150.,0.,250.,3103.,2151.5,8810.5,50.,3403.5,
24.40800094604492,469960.,90485.,58209.5,1230160.,4604.5,550.,500.,50.,200.,5207988.,1050.5,200.,50.,300.,5856.5,2802.5,5305.5,300.,4805.,
27.47400093078613,403560.,54292.5,38984.,1048744.,3753.5,400.,450.,50.,0.,7291273.5,1200.5,50.,0.,350.,2903.,3153.,7709.,0.,4855.,
30.54000091552734,415308.,69514.5,29455.,718840.,2602.5,550.,350.,0.,100.,3694989.5,650.,50.,0.,0.,2052.,1301.,3353.,100.,3002.5,
33.60699844360352,308894.,30508.,17677.,581432.,2402.5,200.,150.,0.,50.,1691898.75,300.,0.,0.,50.,950.5,650.,2302.,0.,2802.5,
36.67300033569336,288736.,23289.5,16273.5,392456.,650.,300.,150.,0.,0.,1876528.,200.,50.,50.,200.,1651.5,900.5,1902.,50.,1751.5,
39.73899841308594,292864.,25845.,12366.5,287644.,1501.5,550.,200.,100.,0.,1624080.,150.,0.,0.,250.,1401.,750.,2802.5,200.,1951.5,
42.80599975585938,278688.,22086.5,10864.,364564.,850.5,250.,200.,0.,100.,1257408.,250.,0.,0.,50.,800.,950.5,1901.5,200.,1401.,
45.87200164794922,286026.,21084.,10363.5,329452.,900.5,550.,350.,50.,50.,1271056.,250.,100.,0.,200.,1251.,1050.5,2302.,50.,1451.,
48.9379997253418,300186.,20432.5,10613.5,358624.,800.5,500.,0.,0.,50.,1318848.,100.,50.,0.,100.,1451.,950.5,2702.5,100.,1851.5,
52.00500106811523,283682.,26547.,9812.5,291156.,1151.,150.,150.,0.,100.,1586496.,450.,50.,0.,0.,1201.,850.5,1801.5,0.,1601.5,
55.07099914550781,280622.,22838.,13618.5,309568.,1000.5,300.,100.,0.,50.,1724816.,250.,200.,0.,0.,1100.5,950.5,2902.5,50.,1150.5,
58.13700103759766,275196.,23189.5,10864.,387024.,400.,400.,0.,0.,0.,1496832.,150.,0.,0.,50.,850.5,900.5,2151.5,0.,850.5,
61.20399856567383,273332.,24993.5,11315.,351056.,1050.5,400.,0.,0.,0.,1581152.,250.,150.,0.,50.,2051.5,750.,2402.,0.,1501.5,
64.26999664306641,292892.,23489.5,11866.,343648.,600.,150.,100.,0.,0.,1438224.,250.,0.,0.,50.,800.,1200.5,2752.5,300.,1201.,
67.33599853515625,279590.,25845.5,10814.,297216.,1451.5,350.,250.,0.,0.,1825824.,400.,0.,0.,50.,1501.,750.,2051.5,100.,1200.5,
70.40299987792969,282418.,20233.,10013.,224424.,850.5,100.,150.,0.,200.,1546672.,200.,0.,0.,50.,1151.,950.5,1451.,0.,1751.5,
73.46900177001953,303718.,18778.5,10012.5,371308.,1050.5,450.,50.,0.,150.,1648608.,350.,100.,0.,0.,1451.,550.,1751.5,0.,1251.,
76.53600311279297,274942.,20984.,10162.5,337616.,750.,750.5,50.,0.,50.,1433633.5,100.,200.,0.,200.,1150.5,900.5,2052.,0.,1551.,
79.60199737548828,278598.,21334.5,12316.5,307868.,400.,400.,150.,100.,50.,2361216.,200.,0.,0.,150.,900.5,550.,1551.,0.,1351.,
82.66799926757813,280570.,19881.5,12016.,319416.,400.,200.,100.,0.,50.,2375473.5,100.,100.,0.,0.,1000.5,1051.,2051.5,0.,1351.,
85.73500061035156,273190.,25695.,11214.5,308588.,600.,400.,100.,50.,100.,2222061.5,300.,50.,0.,100.,1351.,1101.,2252.,50.,1701.5,
88.80100250244141,271572.,17075.,9762.,288004.,1150.5,200.,50.,0.,0.,2248048.,200.,0.,0.,200.,1201.,1751.5,1951.5,0.,1200.5,
91.86699676513672,278808.,21134.,13969.5,283130.,1000.5,600.,50.,0.,50.,2294187.5,50.,150.,0.,50.,1301.,1401.,2402.,0.,1601.5,
94.93399810791016,285922.,22287.,8410.,220212.,1251.,200.,150.,0.,0.,2059211.,350.,50.,0.,150.,400.,800.5,1751.5,50.,1601.,
98.,279718.,19079.5,10663.5,296048.,700.,400.,50.,0.,0.,2615579.25,50.,100.,0.,0.,950.5,750.5,1451.,50.,800.5,
101.0660018920898,272504.,19430.5,10163.,308040.,950.5,450.,200.,50.,100.,2297450.75,250.,250.,0.,0.,1050.5,750.,1851.5,150.,1851.5,
104.1330032348633,272516.,15723.,9261.5,231728.,650.,300.,50.,100.,50.,2634973.5,0.,50.,0.,50.,1251.,500.,2602.,0.,700.,
107.1989974975586,268784.,15923.5,8911.,349744.,1101.,350.,150.,0.,0.,2118084.25,50.,50.,0.,0.,1250.5,1000.5,1801.5,0.,800.5,
110.2649993896484,262810.,17576.5,13819.,231170.,1050.5,250.,100.,100.,0.,1837795.,100.,50.,0.,50.,1000.5,950.5,2101.5,0.,1701.5,
113.3320007324219,261730.,15422.5,7158.,353076.,600.,300.,100.,0.,50.,2158838.25,100.,50.,0.,0.,1301.,750.5,1801.5,0.,1200.5,
116.3980026245117,255972.,16073.5,12216.,341204.,500.,200.,100.,0.,100.,2103760.,50.,0.,0.,200.,950.5,1151.,1651.5,0.,1301.,
119.463996887207,272176.,17776.5,13418.5,253768.,300.,200.,0.,0.,150.,2868236.25,0.,0.,0.,100.,850.,850.5,2202.,50.,1050.5,
122.5309982299805,279736.,16874.5,8109.5,274512.,1300.5,200.,50.,0.,50.,2840373.5,100.,150.,0.,50.,950.5,900.5,2152.,150.,1100.5,
125.5970001220703,274126.,16424.5,8710.5,257110.,800.,450.,200.,0.,0.,1963760.,250.,0.,0.,0.,800.,1100.5,1801.5,50.,1351.,
128.6640014648438,264950.,17877.,11815.5,226604.,1000.5,300.,50.,50.,0.,2090439.25,50.,100.,0.,150.,1100.5,700.5,1902.,50.,1551.,
131.7299957275391,268582.,19831.5,9562.,235696.,850.5,200.,50.,50.,0.,2307252.,150.,0.,0.,100.,750.5,700.5,1551.,0.,1301.,
134.7960052490234,263804.,21284.5,8860.5,255700.,1251.,800.5,150.,100.,0.,1852001.,0.,50.,0.,50.,750.,950.5,2652.5,0.,1100.5,
137.8630065917969,266038.,17526.5,8510.,313356.,450.,400.,0.,0.,100.,1892276.,50.,0.,0.,0.,1100.5,800.,1901.5,0.,1251.,
140.9290008544922,258804.,16474.,13819.,230516.,450.,200.,0.,50.,50.,1835362.625,100.,50.,0.,250.,1251.,700.5,1651.,0.,1250.5,
143.9949951171875,254612.,13468.5,10012.5,213528.,350.,50.,200.,0.,50.,1778080.,150.,100.,0.,50.,900.5,250.,2552.,0.,900.5,
147.0619964599609,243336.,12617.,8410.,326448.,1151.,500.,200.,0.,0.,2378272.,100.,0.,0.,50.,800.5,1151.,1601.,0.,1100.5,
150.1280059814453,244306.,17376.5,10914.,321908.,1050.5,450.,150.,0.,50.,2273866.,0.,200.,50.,150.,800.5,1000.5,2352.5,0.,950.5,
153.1940002441406,256202.,20031.5,8760.5,247874.,650.,150.,200.,0.,100.,1680424.75,200.,100.,0.,0.,1050.5,550.,1201.,0.,1501.,
156.2610015869141,262098.,18478.5,8460.,221176.,1050.5,300.,200.,0.,0.,1780832.,50.,200.,0.,50.,950.5,800.5,1451.5,0.,1701.5,
159.3269958496094,246966.,16774.5,7558.5,290460.,900.,150.,50.,100.,50.,1625888.,0.,50.,0.,50.,650.,1201.,2252.,0.,1201.,
162.3930053710938,252594.,16273.5,8760.5,280724.,600.,350.,0.,0.,0.,2256053.,50.,50.,0.,0.,1151.,600.,1401.,0.,1100.5,
165.4600067138672,259038.,19229.5,9561.5,289628.,1851.5,300.,50.,0.,0.,2416160.,50.,150.,0.,50.,1501.,650.,1751.5,50.,750.,
168.5260009765625,257046.,29455.,15021.,288568.,2252.,300.,100.,0.,50.,1914599.5,0.,50.,0.,100.,450.,450.,1701.5,150.,1501.5,
171.5919952392578,257362.,44302.5,17626.5,240662.,6757.5,400.,0.,0.,0.,1745247.75,0.,0.,0.,50.,650.,750.,1401.,0.,1250.5,
174.6589965820313,261418.,55798.5,18728.5,290300.,7509.,50.,150.,0.,150.,1838256.,150.,50.,0.,0.,800.5,900.5,1501.,100.,800.5,
177.7250061035156,259690.,67604.,22437.,197458.,8560.5,300.,100.,0.,0.,1541752.25,0.,0.,0.,50.,750.,250.,1801.5,0.,1150.5,
180.7920074462891,263994.,73838.5,24341.5,252204.,7759.5,50.,50.,50.,100.,1636384.,0.,0.,0.,50.,550.,350.,1351.,50.,1301.,
183.8580017089844,267516.,60871.5,18077.,248942.,5606.5,400.,0.,0.,0.,1779307.625,100.,50.,0.,50.,600.5,600.,1451.,150.,950.5,
186.9239959716797,275826.,41492.5,18127.5,215550.,5506.,100.,50.,0.,200.,1798464.,100.,100.,0.,50.,1000.5,450.,1351.,0.,1201.,
189.9909973144531,283280.,56150.,19280.,204652.,4505.,900.5,100.,0.,50.,1755360.,200.,100.,50.,200.,750.5,550.,1301.,0.,1551.,
193.0570068359375,274772.,40940.5,19580.5,268004.,3854.,250.,200.,50.,0.,2088288.,50.,50.,0.,0.,1451.,850.5,2302.,0.,1301.,
196.1230010986328,280322.,49773.5,15572.,209568.,3904.,50.,0.,0.,50.,1485645.125,0.,100.,0.,250.,950.5,1201.,2252.,50.,2101.5,
199.1900024414063,286064.,29906.,16424.,238342.,3803.5,250.,100.,0.,0.,1684368.,150.,150.,0.,50.,1251.,600.,2402.,0.,1451.5,
202.2559967041016,271146.,47966.5,16725.,259462.,3804.,400.,50.,100.,0.,2073888.,0.,100.,0.,50.,1401.,1000.5,2101.5,0.,1501.,
205.3220062255859,278990.,47264.5,18528.5,244878.,3103.,300.,50.,100.,50.,2102064.,100.,100.,0.,150.,1902.,450.,2252.,0.,1451.,
208.3890075683594,271796.,38482.5,15422.,238986.,3503.,400.,0.,0.,0.,1749495.375,0.,0.,0.,0.,1051.,950.5,2102.,150.,1651.5,
211.4550018310547,278346.,41343.5,18027.5,250196.,2752.5,150.,0.,0.,50.,1737792.,150.,100.,0.,300.,950.5,900.5,2102.,50.,750.,
214.52099609375,277358.,34419.5,13168.,280928.,2252.,250.,100.,0.,0.,1778096.,100.,100.,0.,100.,700.,650.,1851.5,100.,1351.,
217.5879974365234,272802.,43550.,16223.5,289220.,3703.5,200.,0.,0.,0.,1844859.25,50.,200.,100.,50.,900.5,550.,1951.5,0.,1300.5,
220.6540069580078,270408.,41593.,16925.5,298900.,3052.5,450.,100.,50.,0.,2257000.,250.,100.,0.,100.,1451.,500.,2652.5,0.,1551.,
223.7200012207031,264018.,34319.,15572.,276268.,3253.,450.,100.,100.,0.,2805709.,300.,50.,0.,100.,1851.5,800.,2552.5,0.,1601.5,
226.7870025634766,267608.,35373.,14470.,267748.,3453.5,350.,200.,0.,50.,1775968.,100.,100.,50.,50.,900.5,1050.5,1801.5,100.,1050.5,
229.8529968261719,271246.,34419.5,18979.5,333224.,2352.,250.,100.,100.,100.,1885420.75,100.,100.,0.,50.,850.5,1651.,2051.5,0.,1601.5,
232.9199981689453,265142.,32514.,16324.,269220.,3203.,300.,100.,0.,200.,1536531.875,200.,0.,50.,250.,1201.,1151.,2752.5,0.,1251.,
235.9859924316406,270022.,37981.,14220.,265152.,3203.,300.,50.,0.,50.,2149600.,0.,50.,0.,150.,1301.,950.5,2152.,100.,1401.,
239.052001953125,259254.,40841.,19130.,310956.,1901.5,400.,100.,150.,100.,2013206.375,100.,50.,0.,50.,1250.5,1501.,2602.5,150.,1751.,
242.1190032958984,261808.,31209.5,14370.,288256.,2702.5,250.,150.,100.,50.,2114345.5,100.,0.,50.,50.,1401.,600.5,2152.,50.,1201.,
245.1849975585938,266034.,41844.5,16073.,274112.,3353.5,150.,150.,50.,0.,2328065.75,50.,50.,0.,50.,1150.5,800.,2102.,0.,1250.5,
248.2510070800781,260412.,37880.5,16173.5,254886.,2051.5,450.,100.,0.,0.,2876343.,50.,250.,0.,150.,950.5,950.5,2051.5,100.,950.5,
251.3179931640625,269774.,34218.5,15171.5,296096.,3553.5,350.,0.,0.,150.,2207712.,200.,0.,0.,100.,950.5,850.,3153.,0.,1601.,
254.3840026855469,266108.,38934.5,15071.5,279300.,3153.,700.,0.,0.,50.,2414132.,0.,0.,0.,50.,1051.,700.,2652.5,0.,2752.5,
257.4500122070313,267812.,34921.,15622.5,330272.,3153.,300.,150.,0.,0.,1757984.,0.,250.,0.,250.,1801.5,1100.5,2202.,50.,1801.5,
260.5169982910156,262322.,35925.,17576.,261808.,2702.5,450.,50.,50.,150.,2498368.,100.,50.,0.,100.,1001.,1101.,2102.,0.,950.5,
263.5830078125,263180.,34319.,15522.,266938.,2702.5,450.,300.,50.,0.,2313138.,150.,50.,0.,100.,1701.5,1351.,2452.,0.,2252.,
266.6489868164063,259702.,30759.,14921.,285980.,2952.5,250.,0.,0.,100.,2324854.,100.,0.,0.,100.,2001.5,1050.5,2052.,0.,1401.,
269.7160034179688,263022.,39134.5,15722.5,300066.,1801.5,400.,100.,0.,50.,2106768.,100.,100.,0.,50.,1351.,1401.,2352.,0.,1851.5,
272.7820129394531,263270.,38934.,12517.,346200.,2452.,150.,100.,0.,50.,2335068.5,100.,50.,0.,0.,1251.,1000.5,1651.5,150.,950.5,
275.8479919433594,271882.,38284.,16674.5,211800.,2202.,300.,0.,0.,0.,2366389.75,50.,200.,50.,50.,1000.5,600.,2702.5,0.,1351.,
278.9150085449219,263182.,43550.,18528.5,301972.,2252.,400.,0.,0.,100.,1955567.,250.,50.,0.,50.,1501.,1050.5,2252.,50.,850.5,
281.9809875488281,253916.,22387.,13168.,208604.,1200.5,100.,150.,0.,0.,1270464.,100.,0.,0.,50.,850.5,700.,1651.5,150.,1151.,
285.0480041503906,235842.,22186.5,8861.,220930.,1451.,350.,150.,0.,150.,1729632.,50.,0.,0.,50.,1151.,700.,1351.,0.,1000.5,
288.114013671875,246562.,25545.,8860.5,247724.,950.5,550.,50.,0.,50.,1486224.,50.,100.,0.,150.,1401.,950.5,2802.5,0.,1301.,
291.1799926757813,252656.,25294.,12216.,308712.,2252.,550.,150.,100.,100.,1741196.875,100.,100.,0.,50.,1050.5,1251.,1751.5,50.,1151.,
294.2470092773438,258476.,29505.,13869.,294970.,2402.,100.,50.,0.,0.,2140368.,200.,50.,50.,150.,1100.5,900.5,2602.,100.,850.5,
297.31298828125,261370.,34118.5,16875.,268538.,1701.5,450.,0.,0.,50.,2058208.,100.,0.,100.,150.,800.5,1050.5,2953.,0.,1000.5,
300.3789978027344,255418.,30257.5,17927.,264446.,1200.5,250.,50.,0.,0.,1633292.75,250.,0.,0.,100.,1651.,1701.,2802.5,50.,1751.5,
303.4460144042969,261056.,30809.,12717.5,359084.,2152.,600.5,0.,150.,150.,2075904.,100.,200.,0.,100.,1151.,950.5,2752.5,50.,1051.,
306.5119934082031,266234.,33266.,15372.,371728.,2652.5,300.,250.,0.,0.,2134052.5,0.,50.,50.,100.,1451.,1301.,3103.,50.,1351.,
309.5780029296875,255058.,23089.,15623.,267390.,1751.,300.,200.,0.,0.,2498944.,100.,100.,0.,50.,1100.5,900.5,3153.,50.,1151.,
312.6449890136719,262390.,34570.,19029.5,325668.,2002.,300.,0.,0.,100.,2220021.75,200.,50.,0.,150.,1351.,1000.5,2502.,150.,1601.,
315.7109985351563,253676.,59716.,20883.5,249448.,5756.5,300.,50.,0.,200.,2345416.,100.,50.,0.,100.,950.5,950.5,2903.,0.,1350.5,
318.7770080566406,258542.,104933.,42395.5,319560.,11314.5,600.,0.,50.,50.,2338284.75,0.,50.,0.,50.,750.,850.5,1901.5,0.,1701.,
321.843994140625,265176.,198978.,47414.,233962.,21635.,350.,50.,0.,0.,2064432.,100.,50.,0.,50.,1201.,200.,1401.,150.,1801.5,
324.9100036621094,267110.,214790.,81883.,258036.,34118.5,250.,150.,100.,50.,1389008.,50.,150.,0.,250.,750.,650.,650.,50.,3503.,
327.9760131835938,288638.,259012.,89176.,251280.,36726.5,950.5,150.,0.,50.,1694048.,150.,50.,0.,0.,200.,500.,600.,50.,4054.,
331.0429992675781,300638.,259576.,85855.,378888.,30758.5,100.,0.,50.,0.,1819248.,300.,0.,0.,100.,450.,600.,750.5,0.,4655.,
334.1090087890625,307176.,207640.,60419.5,335468.,32012.5,700.5,0.,0.,200.,1676083.375,300.,50.,0.,0.,300.,550.,900.5,100.,5756.5,
337.1759948730469,314844.,148454.,67955.,345724.,20833.5,500.,0.,50.,0.,1618256.,0.,50.,0.,50.,150.,400.,1150.5,150.,5105.,
340.2420043945313,325406.,128927.,44956.,326492.,16875.5,500.,0.,50.,50.,1494288.,200.,100.,0.,100.,600.,550.,1301.,50.,4154.5,
343.3080139160156,317614.,128827.,56001.5,339004.,8610.5,650.5,0.,0.,250.,1251536.,300.,0.,0.,50.,800.,650.,1651.,50.,2202.,
346.375,284034.,35974.5,13118.,166492.,2452.,200.,0.,100.,0.,345640.,0.,50.,0.,50.,1000.5,650.,2452.5,0.,2552.,
349.4410095214844,269586.,39486.,12767.,165078.,1551.,650.5,50.,0.,50.,598848.,150.,0.,0.,0.,900.5,1150.5,2352.,50.,2602.,
352.5069885253906,290890.,51129.5,25745.5,257680.,2952.5,300.,50.,0.,150.,1082000.,150.,100.,0.,100.,900.5,1351.,2953.,0.,2152.,
355.5740051269531,275972.,68258.,22287.,406344.,2903.,450.,100.,150.,0.,1136880.,150.,150.,0.,150.,1651.,1701.5,2502.,0.,2102.,
358.6400146484375,294046.,64488.,28803.5,366496.,2902.5,450.,100.,0.,200.,1445152.,250.,50.,0.,100.,2001.5,1902.,3503.,200.,3052.5,
361.7059936523438,280514.,67755.5,26347.,410960.,1401.,650.,150.,50.,0.,1773088.,350.,200.,0.,100.,1651.5,2101.5,3003.,0.,2752.5,
364.7730102539063,287588.,64188.,27299.5,360392.,1901.5,650.,50.,0.,200.,1536653.625,50.,150.,0.,200.,1551.,750.5,4154.,0.,2252.,
367.8389892578125,277368.,59114.,26748.,365904.,800.5,300.,50.,0.,150.,1340784.,250.,50.,0.,200.,1951.5,1501.5,2752.5,0.,2202.,
370.9049987792969,262614.,54593.5,27951.,322772.,1701.5,350.,450.,0.,0.,1373856.,350.,50.,0.,50.,2202.,1701.5,3102.5,0.,1601.,
373.9719848632813,268770.,51832.5,27149.,396248.,1300.5,650.,100.,0.,150.,1478320.,300.,250.,0.,50.,1701.5,1200.5,2202.,150.,2502.,
377.0379943847656,274188.,57909.5,22236.5,376640.,800.5,500.,150.,0.,50.,1085888.,200.,0.,0.,100.,1901.5,2252.,3804.,100.,1551.5,
380.10400390625,257308.,48518.5,16925.,268864.,1000.5,700.5,100.,0.,50.,877304.,200.,0.,0.,0.,850.5,750.5,1851.5,50.,1451.,
383.1709899902344,240746.,36024.5,12967.5,225388.,600.,400.,150.,0.,0.,498484.,0.,50.,0.,50.,600.,400.,2452.,0.,1851.5,
386.2369995117188,222576.,21184.,6507.5,138916.,550.,450.,100.,0.,0.,248788.,200.,0.,0.,0.,1351.,700.,1801.5,100.,1451.,
389.3039855957031,225626.,12917.5,5406.,92800.,500.,200.,0.,100.,0.,107252.,0.,0.,0.,100.,550.,950.5,950.5,0.,1200.5,
392.3699951171875,219434.,10063.,4705.,86811.,300.,500.,0.,0.,0.,63182.,0.,0.,0.,0.,850.5,1201.,1401.,0.,1000.5,
395.4360046386719,216800.,8560.,3653.5,72881.,300.,300.,100.,0.,100.,36777.,0.,0.,0.,0.,700.,550.,1451.,0.,1251.,
398.5029907226563,205032.,6257.,2052.,75696.,350.,400.,0.,50.,50.,19881.,50.,0.,0.,0.,750.5,600.,1301.,0.,600.,
401.5690002441406,206160.,6507.5,2502.5,74238.,100.,550.,100.,50.,0.,9361.5,50.,0.,0.,100.,950.5,750.5,850.,150.,450.,
404.635009765625,207982.,5856.5,2302.,74841.,300.,450.,0.,0.,50.,5205.5,0.,0.,0.,0.,550.,600.,1351.,0.,800.,
407.7019958496094,196916.,7108.,2402.5,75193.,100.,500.,50.,50.,0.,2001.5,150.,50.,0.,50.,700.,750.5,800.,150.,250.,
410.7680053710938,204720.,6107.,2802.5,81127.,200.,400.,100.,0.,0.,1701.5,0.,50.,0.,0.,750.,750.,1551.,0.,650.,
413.8340148925781,194456.,4404.5,2652.5,77909.,350.,200.,0.,0.,0.,900.5,0.,0.,0.,0.,650.,700.5,1351.,0.,400.,
416.9010009765625,198090.,4404.5,2552.5,78864.,300.,500.,0.,0.,0.,400.,0.,100.,0.,0.,1101.,500.,1301.,50.,600.,
419.9670104980469,193166.,5355.5,1751.5,70670.,350.,650.,0.,50.,0.,700.5,0.,0.,0.,50.,750.5,450.,850.5,0.,800.5,
423.0329895019531,197016.,5105.5,1601.,68709.,100.,200.,0.,0.,0.,150.,0.,0.,0.,0.,400.,450.,1300.5,0.,550.,
426.1000061035156,189380.,4504.5,2302.,74942.,300.,150.,0.,0.,0.,250.,150.,50.,0.,200.,700.,400.,1601.,0.,450.,
429.1659851074219,184806.,4555.,2202.,78361.,350.,400.,0.,0.,0.,50.,0.,0.,0.,100.,650.5,700.5,1751.5,0.,350.,
432.2319946289063,188518.,5305.5,1901.5,85302.,200.,150.,0.,0.,0.,0.,0.,0.,0.,0.,400.,800.5,1150.5,0.,600.,
435.2990112304688,189530.,4404.5,1901.5,78461.,100.,450.,0.,50.,0.,0.,0.,0.,0.,0.,700.,600.,1301.,0.,500.,
438.364990234375,188422.,4204.5,1952.,77959.,400.,300.,100.,0.,100.,100.,0.,100.,0.,0.,600.,350.,1551.,0.,450.,
441.4320068359375,186920.,4654.5,2252.,73887.,500.,50.,200.,0.,50.,200.,0.,50.,0.,150.,750.,600.,1551.5,0.,500.,
444.4979858398438,190320.,5956.5,2602.5,79870.,500.,100.,100.,50.,0.,0.,0.,150.,0.,0.,850.,400.,1501.,0.,600.,
447.5639953613281,187852.,5255.5,2302.,78010.,100.,250.,50.,0.,0.,900.5,0.,0.,0.,50.,600.5,350.,1601.5,0.,850.5,
450.6310119628906,184006.,6107.,2702.5,75646.,250.,400.,50.,0.,50.,2752.5,0.,400.,50.,0.,800.,300.,1651.5,0.,250.,
453.6969909667969,185518.,5055.,1601.,73333.,400.,650.5,0.,200.,200.,15522.5,50.,950.5,100.,50.,750.,1000.5,2402.,50.,350.,
456.7630004882813,195318.,4204.5,1601.,74792.,500.,500.,150.,500.,150.,58761.5,100.,1902.,200.,200.,2502.,1451.,3953.5,50.,250.,
459.8299865722656,196772.,5205.5,2702.5,71273.,150.,450.,100.,200.,500.,149014.,200.,3353.,500.,300.,3503.5,3002.5,5155.5,450.,550.,
462.89599609375,204868.,4905.,2101.5,78060.,200.,150.,100.,450.,1000.5,216156.,250.,5055.,200.,350.,3904.,2452.,9612.,500.,400.,
465.9620056152344,203232.,5906.5,2002.,77305.,100.,300.,450.,800.,950.5,318796.,200.,4855.,350.,400.,4855.5,5005.5,9661.5,1201.,300.,
469.0289916992188,208110.,7458.5,2602.5,89730.,600.,200.,50.,900.5,1901.5,403020.,650.,5155.5,250.,650.,6457.,4554.5,11164.5,1751.,650.,
472.0950012207031,218038.,7459.,3153.,85000.,450.,600.,300.,1250.5,1551.,449216.,1050.5,5305.5,450.,1201.,5956.5,5656.5,10563.5,2101.5,150.,
475.1610107421875,232548.,12066.,4454.5,117328.,650.,500.,100.,1050.5,1601.5,560216.,750.5,5756.,250.,1001.,5806.,5155.5,14370.,3503.,600.,
478.2279968261719,250808.,13518.5,6707.5,130891.,900.5,400.,200.,850.,2752.5,639840.,1351.,5606.,250.,650.,6307.,5356.,11765.5,2552.5,700.,
481.2940063476563,280152.,18177.5,7408.5,161488.,750.5,400.,250.,1001.,1551.,640520.,3103.,5205.5,400.,1451.,4855.,4755.,10062.5,2852.5,950.5,
484.3599853515625,287000.,23289.,9411.5,185770.,800.,400.,50.,1200.5,1701.,561656.,2452.5,3303.5,200.,950.5,5306.,4855.,8810.5,3803.5,550.5,
487.427001953125,291412.,25946.,11565.,243004.,2001.5,500.,50.,850.5,1651.,624832.,4154.,3253.5,150.,1050.5,4755.,3754.,6507.5,2452.,1301.,
490.4930114746094,320756.,30257.,14621.,238492.,1601.5,750.5,350.,1251.,2052.,546856.,4004.,3003.,150.,950.5,3904.,2502.5,6257.,3103.,900.5,
493.5599975585938,309728.,37479.,12416.5,331640.,1601.,650.,150.,1200.5,1851.5,425896.,4404.5,2552.5,300.,850.5,2252.,1501.,3703.5,4504.5,1251.,
496.6260070800781,303756.,35322.5,13869.,258240.,2853.,550.,100.,1200.5,2752.5,325296.,3152.5,1501.,150.,850.5,2402.,1601.5,3253.5,3553.5,1851.5,
499.6919860839844,342668.,36425.5,13468.5,297580.,2101.5,450.,50.,800.,1801.5,302488.,3653.5,850.5,250.,600.,1601.5,1801.5,3803.5,3303.,1851.5,
502.7590026855469,320814.,34018.5,16274.,412004.,2902.5,500.,0.,600.,2652.5,257172.,4654.5,1201.,100.,1050.5,1901.5,1150.5,3353.,1901.5,1000.5,
505.8250122070313,318684.,37127.5,15572.5,289254.,2903.,150.,250.,1451.5,2251.5,236706.,3353.,750.,200.,500.,1150.5,900.5,2302.,2152.,1301.,
508.8909912109375,304944.,33216.,16524.,418508.,2302.,350.,200.,1401.,1301.,187440.,3503.5,850.,50.,250.,1601.,1300.5,2902.5,2602.5,1351.,
511.9580078125,323958.,37178.,19831.,410188.,2352.,750.,50.,900.5,1551.,177016.,3203.,800.,0.,500.,1351.,800.5,2052.,2352.,950.5,
515.0239868164063,306750.,34370.,17677.,472000.,2302.,350.,300.,1351.,2502.5,181664.,4755.,550.,150.,750.5,1000.5,1401.,1401.,2502.,800.5,
518.0900268554688,303660.,37428.5,25394.,360108.,2852.5,400.,150.,950.5,1601.,112090.,3803.5,850.5,100.,650.,1001.,400.,1801.5,1851.5,1901.5,
521.156982421875,285808.,39285.,16424.,337948.,2552.5,600.,300.,850.5,2352.,117683.,1951.5,400.,0.,550.,950.5,800.5,2352.,1851.5,1801.5,
524.2230224609375,273680.,40489.5,21434.5,344052.,2202.,600.,150.,850.5,2552.5,112439.,3053.,900.5,0.,550.,700.,600.,3453.5,2002.,1651.5,
527.2890014648438,272774.,48369.5,19481.,406240.,3804.,750.5,150.,600.5,1551.5,112137.,3453.,500.,0.,250.,1151.,300.,1801.5,2602.5,2302.,
530.3560180664063,306822.,44503.5,21886.,376328.,4054.,450.,100.,550.,1601.,134074.,2352.,650.,0.,450.,1100.5,550.,1701.,1651.,1951.5,
533.4219970703125,294602.,43549.5,20182.,433584.,2952.5,250.,100.,1751.5,2552.5,82487.,3553.5,350.,0.,400.,1301.,700.5,1951.5,2652.5,1601.,
536.4879760742188,289268.,47765.5,24742.5,500852.,4254.,600.,200.,1251.,1701.5,82888.,1951.5,250.,0.,600.,1000.5,750.5,2302.,1551.,1701.,
539.5549926757813,292548.,44604.,23188.5,359284.,2952.5,400.,100.,2002.,1902.,78312.,2652.5,250.,100.,400.,1351.,750.5,2051.5,1651.,1551.,
542.6209716796875,297970.,46460.5,17576.5,473640.,3653.5,450.,100.,1501.,1601.,76904.,1801.,300.,0.,500.,1000.5,750.5,1751.5,1101.,2101.5,
545.68798828125,307312.,43248.5,19129.5,474816.,2852.5,250.,100.,1501.5,2001.5,82286.,2452.5,600.5,50.,550.,1201.,350.,1401.,1301.,1551.,
548.7540283203125,305378.,47866.,19530.5,381800.,3503.5,300.,0.,950.5,1701.5,65544.5,1401.,500.,0.,250.,1251.,600.,1751.5,1201.,1401.,
551.8200073242188,317386.,45407.,23790.5,398192.,2702.5,750.,350.,1051.,1351.,82586.,1601.,250.,50.,250.,400.,500.,1050.5,1351.,1601.5,
554.8870239257813,302656.,37077.5,20783.5,408756.,3303.,400.,100.,1251.,2552.5,89881.,1100.5,450.,0.,250.,700.,450.,1501.,1101.,1801.5,
557.9530029296875,283110.,43350.,19330.,588072.,3804.,500.,200.,1451.,1901.5,62880.5,2102.,150.,0.,250.,800.5,850.,1701.5,750.,1451.,
561.0189819335938,296864.,41894.,18027.,455348.,3002.5,300.,200.,1601.,1751.5,55547.5,2452.5,450.,0.,300.,650.,1001.,1501.,1250.5,1551.,
564.0859985351563,275714.,34971.,16274.,395832.,2602.5,150.,250.,1151.,1851.5,76450.,1150.5,300.,0.,100.,350.,350.,1551.,1401.,1401.,
567.1519775390625,296806.,41593.5,23138.5,383388.,2452.5,450.,250.,850.5,1801.5,57355.5,1201.,500.,0.,250.,500.,1050.5,1851.5,950.5,1601.,
570.218017578125,307556.,41944.,23690.,541072.,2302.,200.,100.,1251.,1050.5,51430.,1100.5,300.,0.,250.,600.,700.,1451.,700.,1201.,
573.2849731445313,285352.,42497.5,20733.5,531864.,3353.5,650.,200.,900.5,2001.5,41293.,1250.5,50.,0.,50.,1000.5,750.,1351.,850.5,1051.,
576.3510131835938,293348.,49121.,29455.,513248.,3553.5,400.,200.,1251.,1000.5,42747.5,1101.,0.,0.,400.,850.,650.,1851.5,1351.,1651.5,
579.4169921875,286258.,42546.5,25494.5,436736.,2201.5,400.,150.,1051.,1201.,31711.5,1201.,100.,0.,300.,700.,500.,600.,600.,1551.,
582.4840087890625,290272.,43048.,24542.5,536256.,3103.,300.,200.,850.5,1200.5,20783.5,1301.,100.,0.,100.,800.5,550.,1401.,900.5,1351.,
585.5499877929688,286732.,40840.5,21184.,522004.,3103.,400.,100.,1001.,1601.,31862.,1000.5,50.,0.,200.,350.,700.,2051.5,850.5,1501.,
588.6160278320313,293460.,39987.5,18478.5,394552.,2302.,700.,200.,1100.5,1051.,30207.,500.,400.,0.,150.,450.,800.,900.5,1050.5,1601.,
591.6829833984375,287384.,42295.,17777.,467268.,2001.5,550.,0.,1101.,1701.,23439.5,750.5,50.,0.,100.,750.,600.5,1301.,650.,2252.,
594.7490234375,291616.,41643.,20031.5,473044.,2702.,450.,250.,350.,1150.5,27901.,550.,300.,0.,250.,600.,750.5,1952.,800.5,1451.,
597.8159790039063,301030.,39987.5,21585.,460228.,2352.,800.,150.,1050.5,1351.,23189.,900.5,50.,0.,450.,600.,1200.5,1601.5,500.,1301.,
600.8820190429688,269880.,49472.,18277.5,421044.,3203.,300.,50.,900.5,1100.5,22036.5,850.,50.,0.,50.,800.,650.,1401.,700.,1501.,
603.947998046875,337472.,72026.,27499.5,564096.,1851.5,300.,150.,850.,1050.5,16524.,400.,150.,0.,250.,600.,250.,1050.5,650.,1100.5,
607.0150146484375,275904.,34570.,15121.5,450040.,2652.5,500.,50.,550.,800.5,16524.5,400.,150.,0.,100.,550.,850.5,1601.,850.5,1601.,
610.0809936523438,280642.,40740.,19781.,344208.,3453.5,500.,400.,650.5,1150.5,15372.,550.5,50.,0.,250.,800.,1301.,1351.,1151.,1901.5,
613.14697265625,292834.,38632.5,18127.5,484568.,4204.5,300.,250.,350.,1701.5,16724.5,650.,0.,0.,350.,550.,800.5,1651.5,600.,1851.5,
616.2139892578125,285556.,36627.,20432.5,480148.,2953.,450.,0.,450.,1251.,17826.5,1100.5,250.,0.,300.,750.,600.,2252.,550.,1251.,
619.280029296875,292190.,45357.,19580.5,524616.,3503.,250.,100.,450.,1601.,20783.5,250.,50.,50.,150.,500.,450.,1601.5,450.,1201.,
622.3460083007813,284326.,38382.,22988.5,501324.,3102.5,400.,150.,950.5,1151.,15522.,700.,0.,0.,150.,550.,750.5,1801.5,600.,1651.,
625.4130249023438,281070.,39887.,22487.,394764.,2853.,350.,50.,1050.5,1401.,16574.,600.,100.,200.,200.,1200.5,450.,1651.5,1251.,1701.5,
628.47900390625,302696.,33767.5,20583.,580824.,3853.5,500.,500.,850.5,700.,11615.,650.,200.,0.,150.,550.,400.,1351.,600.,1201.,
631.5449829101563,282142.,43650.,24792.5,419896.,3353.5,500.,200.,950.5,1351.,19681.,650.5,150.,0.,250.,250.,550.,2402.,300.,1551.5,
634.6119995117188,312370.,42646.5,21184.5,424556.,2752.5,350.,200.,350.,1200.5,15823.,500.,50.,0.,150.,600.,600.,1401.,800.5,1451.,
637.677978515625,301334.,41944.,22086.,465008.,3103.,550.,150.,650.,1250.5,10663.5,300.,50.,0.,250.,900.5,450.,700.,500.,1301.,
640.7440185546875,280912.,39887.,23891.,480480.,1601.,350.,50.,900.5,650.,17576.5,300.,0.,0.,50.,650.5,600.5,1601.,350.,1151.,
643.8109741210938,307412.,38282.,21033.5,498540.,2552.5,200.,150.,600.,1251.,12717.,200.,150.,0.,50.,400.,850.5,1601.,500.,1551.5,
646.8770141601563,284008.,40038.,16574.,506004.,2902.5,450.,300.,800.,950.5,15372.,750.,100.,0.,0.,950.5,550.,1901.5,400.,1401.,
649.9439697265625,314006.,36676.5,20633.,612920.,2602.5,50.,200.,800.5,1000.5,12466.5,450.,0.,0.,50.,800.,400.,1251.,550.,1651.,
653.010009765625,268694.,39837.,25494.5,542832.,3303.,300.,200.,800.,1251.,12767.,550.,0.,100.,200.,500.,700.5,2202.,550.,1901.5,
656.0759887695313,287466.,41041.,18929.,435988.,3503.5,450.,150.,1000.5,1000.5,13017.5,350.,100.,0.,200.,550.,900.,1451.,800.,2052.,
659.1430053710938,306296.,37529.,18227.5,407520.,4254.,150.,150.,1150.5,900.5,7108.5,650.,0.,150.,100.,950.5,750.,2652.5,550.,1651.,
662.208984375,288902.,44553.5,20432.5,482272.,2502.,150.,200.,450.,800.5,10062.5,500.,200.,100.,400.,650.,350.,1651.,800.,1501.,
665.2750244140625,270474.,40539.5,18829.,396376.,4304.5,300.,150.,700.5,700.,9862.5,100.,50.,0.,150.,900.5,350.,2953.,250.,1551.,
668.3419799804688,307666.,40389.5,21234.,465188.,3002.5,750.,400.,550.,1200.5,11264.5,400.,0.,0.,100.,850.5,950.5,1250.5,500.,1501.,
671.4080200195313,311214.,38633.5,23490.,592432.,3353.,550.,50.,1000.5,1501.,12066.,550.,300.,0.,50.,600.5,400.,1701.5,250.,1701.,
674.4739990234375,287874.,34620.,20532.5,596416.,3203.,350.,100.,550.,1351.,12216.5,450.,50.,0.,450.,600.,400.,1100.5,900.5,2002.,
