Trace for Mass:,Al27(LR),As75(LR),Se77(LR),Se78(LR),Se82(LR),Ag107(LR),Ag109(LR),Cd111(LR),Cd114(LR),In115(LR),Sn118(LR),La139(LR),Nd146(LR),Pb204(LR),Pb206(LR),Pb207(LR),Pb208(LR),Hg200(LR),Kr83(LR)
Resolution:,Low,Low,Low,Low,Low,Low,Low,Low,Low,Low,Low,Low,Low,Low,Low,Low,Low,Low,Low
,,,,,,,,,,,,,,,,,,,
Time,Intensity,Intensity,Intensity,Intensity,Intensity,Intensity,Intensity,Intensity,Intensity,Intensity,Intensity,Intensity,Intensity,Intensity,Intensity,Intensity,Intensity,Intensity,Intensity
[sec],[cps],[cps],[cps],[cps],[cps],[cps],[cps],[cps],[cps],[cps],[cps],[cps],[cps],[cps],[cps],[cps],[cps],[cps],[cps]

2.943000078201294,215074.,3103.,1951.5,84447.,300.,750.5,0.,0.,0.,0.,0.,100.,0.,0.,500.,600.,700.,0.,800.,
6.008999824523926,216854.,2352.,2352.,73786.,50.,200.,100.,0.,100.,0.,0.,0.,0.,50.,700.,400.,400.,0.,250.,
9.076000213623047,220608.,2952.5,1301.,72780.,200.,200.,200.,0.,0.,0.,0.,50.,0.,100.,300.,200.,1150.5,0.,650.5,
12.14200019836426,218712.,2702.,1351.,75193.,50.,400.,0.,50.,0.,400.,0.,50.,0.,100.,550.,300.,500.,50.,400.,
15.20800018310547,212378.,4604.5,3503.,116370.,500.,400.,200.,0.,50.,400.,100.,0.,0.,100.,700.,1301.,2352.,50.,1050.5,
18.27499961853027,356428.,29455.,22888.5,569280.,2001.5,350.,250.,250.,150.,12817.,650.,100.,0.,200.,3153.,1501.,7509.,0.,1851.5,
21.34099960327148,427452.,80675.,38132.,1155632.,4204.5,450.,500.,100.,0.,2499328.,850.5,100.,0.,500.,5756.5,3153.,9561.5,100.,3553.5,
24.40800094604492,489188.,70268.5,52986.5,1038504.,4955.5,300.,500.,100.,300.,5508165.,1301.,400.,100.,250.,2602.5,1851.5,3803.5,100.,5306.,
27.47400093078613,475824.,75395.,48568.5,1043416.,5205.5,400.,450.,200.,50.,5868141.,950.5,200.,0.,100.,2252.,2001.5,6757.5,0.,4004.,
30.54000091552734,364328.,50125.5,28301.5,669328.,2001.5,350.,100.,100.,150.,3383410.5,150.,300.,0.,150.,1501.,1951.5,2502.5,100.,3002.5,
33.60699844360352,320934.,37679.5,18929.,457340.,1751.5,600.,150.,0.,200.,1543936.25,0.,50.,50.,100.,1551.5,1551.5,2652.5,150.,2101.5,
36.67300033569336,297228.,26146.,15071.5,318020.,850.5,500.,200.,0.,0.,1275584.,350.,100.,0.,250.,1100.5,900.,2001.5,100.,1451.,
39.73899841308594,293702.,24642.,14370.,320464.,500.,150.,50.,0.,0.,1185072.,100.,0.,0.,50.,1000.5,1201.,3153.,50.,1801.5,
42.80599975585938,287498.,19681.,14520.,343624.,850.5,450.,0.,0.,0.,1622496.,150.,50.,0.,100.,900.5,1200.5,2602.,0.,1050.5,
45.87200164794922,284442.,15923.,4204.5,435902.,2702.5,600.,200.,0.,150.,1381696.,300.,150.,0.,100.,1601.5,1101.,3103.,50.,2152.,
48.9379997253418,277278.,21585.,16674.5,373656.,1100.5,800.,50.,0.,50.,1918272.,100.,0.,0.,0.,850.5,800.5,3053.,0.,1601.5,
52.00500106811523,270918.,19881.5,11916.,360616.,800.,600.,300.,0.,150.,1474640.,450.,0.,0.,100.,1301.,850.,2602.5,50.,2102.,
55.07099914550781,293950.,27700.,10914.,357544.,650.,250.,200.,0.,0.,1170752.,150.,50.,50.,50.,1851.5,650.,2902.5,100.,1551.5,
58.13700103759766,273280.,25143.5,11164.5,370952.,1000.5,600.,250.,0.,100.,1407408.,150.,150.,0.,0.,1200.5,800.5,1851.5,0.,1951.5,
61.20399856567383,282748.,20131.5,12366.5,497780.,600.,300.,200.,0.,50.,1347040.,100.,100.,0.,250.,950.5,1050.5,2652.5,0.,850.5,
64.26999664306641,271682.,23139.,15372.,396660.,1451.,550.,100.,0.,150.,1725520.,200.,50.,0.,50.,900.5,600.,2752.5,0.,1351.,
67.33599853515625,272446.,15322.,10513.,308432.,700.5,400.,200.,0.,0.,1659248.,250.,0.,0.,0.,1351.,900.5,2452.,0.,650.,
70.40299987792969,290970.,19680.5,13518.5,356572.,1351.,400.,150.,100.,50.,1949520.,350.,250.,0.,50.,1000.5,750.,1601.,150.,1501.,
73.46900177001953,281140.,18378.,9311.5,370076.,750.,600.,200.,0.,0.,1748144.,350.,50.,0.,150.,1601.,1201.,2101.5,50.,1351.,
76.53600311279297,280896.,17276.,12917.5,299212.,1301.,400.,100.,0.,0.,1795520.,150.,150.,0.,100.,750.5,1151.,2252.,0.,1501.,
79.60199737548828,268410.,19631.,12467.,298308.,800.5,250.,0.,0.,0.,1928768.,0.,100.,0.,200.,1100.5,1201.,1701.5,0.,1251.,
82.66799926757813,278198.,17776.5,10013.,339248.,750.,200.,200.,0.,150.,2420606.5,0.,100.,0.,0.,1251.,1451.,2302.,100.,2202.,
85.73500061035156,262358.,18728.5,10063.,314316.,850.5,400.,50.,0.,0.,2227113.,50.,250.,0.,100.,1000.5,1151.,1952.,100.,1701.5,
88.80100250244141,264482.,15522.,8210.,261958.,400.,250.,0.,50.,0.,2176288.,300.,150.,0.,150.,1201.,850.5,2002.,100.,1601.5,
91.86699676513672,277076.,16574.5,14220.,283164.,650.5,300.,150.,0.,100.,1940211.125,0.,0.,100.,250.,900.,1401.,1451.,0.,1401.,
94.93399810791016,264646.,19631.,12417.,323832.,650.,200.,150.,0.,50.,2713889.,350.,100.,0.,100.,1501.,1001.,1901.5,0.,850.5,
98.,265342.,17526.5,9011.,320928.,600.,100.,150.,50.,0.,2255542.75,150.,150.,0.,100.,1150.5,800.5,2101.5,0.,1901.5,
101.0660018920898,271078.,19480.5,10563.,272220.,500.,400.,300.,0.,50.,1622992.,0.,150.,0.,50.,1151.,600.,1551.,100.,1200.5,
104.1330032348633,260342.,17476.5,9211.,269242.,650.,300.,50.,50.,50.,2648091.75,0.,150.,0.,100.,1250.5,1201.,1651.5,0.,1100.5,
107.1989974975586,271670.,19530.5,12016.,293616.,500.,250.,50.,0.,0.,2005446.25,100.,100.,0.,100.,950.5,500.,2352.,0.,800.,
110.2649993896484,263106.,20182.,10813.5,252066.,800.,300.,50.,0.,50.,2112715.,50.,50.,0.,0.,1451.,650.,2151.5,250.,1401.,
113.3320007324219,263074.,13919.5,9862.5,342620.,700.,350.,100.,0.,0.,1794706.25,150.,250.,100.,300.,1401.,900.5,2802.5,0.,1050.5,
116.3980026245117,265804.,15422.,10213.,299764.,700.5,350.,250.,100.,50.,2223510.5,150.,0.,0.,50.,900.5,950.5,2352.,0.,1000.5,
119.463996887207,266830.,16223.5,9161.,286320.,750.,150.,150.,0.,0.,2385536.,200.,0.,50.,50.,950.5,800.,2001.5,50.,1551.,
122.5309982299805,272834.,18228.,9862.,292132.,350.,850.5,50.,100.,50.,2198243.5,100.,50.,0.,50.,1100.5,1301.,2052.,0.,1751.,
125.5970001220703,259202.,15823.,9311.5,347996.,500.,150.,50.,0.,150.,2368152.,0.,0.,50.,100.,1101.,750.5,1801.5,100.,1350.5,
128.6640014648438,270846.,14721.,12917.5,291216.,900.5,400.,550.,0.,100.,2423040.,50.,400.,0.,0.,800.5,800.,2001.5,0.,1201.,
131.7299957275391,260810.,17125.5,12166.,307628.,800.,350.,50.,0.,100.,1746342.75,0.,150.,0.,250.,1000.5,1150.5,2252.,0.,1601.5,
134.7960052490234,267510.,13268.,10914.,341152.,1501.5,100.,200.,50.,0.,2205651.5,0.,0.,0.,50.,650.5,750.,2652.5,50.,850.,
137.8630065917969,260110.,15121.5,9912.5,269754.,800.,450.,0.,0.,50.,2009328.,50.,200.,0.,300.,900.5,1251.,1801.5,50.,1801.5,
140.9290008544922,270598.,14119.5,7659.,326456.,850.5,500.,0.,50.,50.,2116320.,0.,150.,0.,150.,850.5,900.5,2302.,0.,1151.,
143.9949951171875,248580.,16224.,10263.5,328888.,1150.5,450.,100.,0.,50.,2277408.,100.,0.,0.,50.,1901.5,1251.,1701.5,0.,1200.5,
147.0619964599609,251554.,13518.5,8710.5,292240.,450.,300.,200.,0.,0.,1717190.,100.,100.,0.,0.,1301.,800.5,2852.5,300.,1701.5,
150.1280059814453,261824.,15672.5,9211.5,350920.,600.5,250.,150.,0.,50.,2329419.5,50.,0.,0.,0.,1050.5,1050.5,2202.,0.,900.5,
153.1940002441406,280894.,14871.,9411.5,360008.,1000.5,150.,50.,0.,0.,2258120.,0.,0.,0.,0.,1851.5,1100.5,2602.5,0.,1351.,
156.2610015869141,270672.,18879.5,10112.5,319408.,1000.5,550.5,0.,0.,50.,2147344.25,0.,150.,0.,50.,1051.,900.5,2552.,0.,1551.5,
159.3269958496094,272602.,13769.,10012.5,289020.,550.,200.,100.,0.,0.,2232430.,50.,0.,0.,0.,1401.,1000.5,2101.5,50.,2102.,
162.3930053710938,270348.,17776.5,11164.5,321140.,850.,400.,100.,50.,100.,2064434.5,100.,150.,50.,100.,1250.5,550.,2202.,50.,800.5,
165.4600067138672,259562.,15322.,10964.,279396.,700.,350.,200.,0.,0.,1906096.25,250.,150.,0.,0.,1050.5,950.5,2552.5,0.,1201.,
168.5260009765625,260358.,26346.5,13719.,261088.,2202.,400.,0.,100.,0.,1949392.,50.,0.,0.,0.,1601.,1050.5,1851.5,50.,2151.5,
171.5919952392578,265240.,50727.5,20482.5,260194.,3653.5,250.,250.,0.,50.,2585332.,350.,50.,0.,0.,1601.,1201.,2352.,50.,1551.,
174.6589965820313,271412.,64689.,20432.5,229346.,3904.,250.,0.,0.,0.,1945552.,0.,450.,0.,0.,1050.5,550.,1451.,150.,1000.5,
177.7250061035156,262896.,64739.5,24943.5,240466.,4104.,200.,50.,50.,50.,1875168.,0.,0.,0.,200.,650.,200.,1251.,0.,2352.,
180.7920074462891,263068.,48319.,24742.5,259866.,5455.5,450.,50.,0.,0.,2056064.,50.,0.,0.,100.,700.5,400.,2001.5,50.,1601.,
183.8580017089844,273614.,61072.5,19079.5,261548.,3703.5,300.,100.,0.,0.,2054758.125,0.,150.,0.,150.,1351.,550.,1701.,50.,1251.,
186.9239959716797,289126.,46461.5,23690.,245740.,2752.5,350.,50.,0.,150.,2020277.625,0.,150.,0.,50.,1350.5,1000.5,1801.,0.,1951.5,
189.9909973144531,283730.,34720.5,14821.,254252.,2752.5,150.,100.,0.,0.,1663120.,150.,0.,0.,250.,750.5,450.,2051.5,100.,2202.,
193.0570068359375,272954.,36676.5,19781.,290698.,2652.5,350.,200.,100.,0.,1646704.,100.,100.,0.,150.,800.,650.,1701.5,0.,1951.5,
196.1230010986328,282908.,33166.,15422.,320596.,2802.5,300.,50.,0.,0.,1870606.25,50.,0.,0.,0.,700.,950.5,1952.,50.,1200.5,
199.1900024414063,266298.,36375.5,13718.5,259746.,2602.5,250.,0.,0.,0.,1707920.,0.,0.,0.,0.,1501.5,900.5,1801.5,0.,1201.,
202.2559967041016,277150.,33466.5,12667.,324504.,2552.,500.,150.,0.,100.,2015857.,50.,50.,50.,100.,1551.,800.5,2202.,0.,1651.5,
205.3220062255859,277420.,34870.5,15622.5,264800.,1251.,550.,50.,0.,50.,2162528.,350.,150.,0.,50.,900.5,1201.,2202.,50.,1701.5,
208.3890075683594,273582.,41041.,11966.,248284.,1451.,500.,100.,0.,0.,1819851.625,0.,50.,0.,250.,1351.,850.5,2002.,50.,1751.5,
211.4550018310547,278092.,30859.,12166.,222356.,950.5,150.,50.,0.,50.,2122032.,100.,50.,0.,150.,1801.5,1050.5,2452.,50.,1501.,
214.52099609375,270052.,29856.,16123.5,279676.,2002.,400.,250.,0.,100.,2075104.,150.,50.,100.,50.,1301.,950.5,2852.5,200.,1801.5,
217.5879974365234,267614.,35723.5,13919.,226606.,1401.,900.5,50.,0.,0.,2019552.,0.,100.,0.,150.,1301.,1250.5,3103.,0.,1501.,
220.6540069580078,270418.,29204.,15973.,310684.,1350.5,450.,100.,0.,0.,1717792.375,200.,0.,0.,50.,1000.5,700.,2902.5,0.,2051.5,
223.7200012207031,271120.,26747.5,11965.5,288564.,950.5,400.,200.,0.,0.,1982384.,50.,0.,0.,50.,1200.5,950.5,2452.,0.,1801.5,
226.7870025634766,270964.,35724.,15622.5,309932.,2452.5,550.,50.,0.,0.,2117818.25,150.,100.,0.,0.,1651.,1601.5,2452.,0.,1201.,
229.8529968261719,266038.,31059.5,14971.5,274842.,1701.5,450.,0.,0.,0.,1825126.25,350.,100.,0.,200.,750.5,700.,2152.,50.,1501.,
232.9199981689453,276938.,28402.,13668.5,255756.,1251.,200.,50.,0.,50.,2793012.,100.,150.,0.,200.,1251.,850.,1751.5,100.,1151.,
235.9859924316406,256516.,31060.,13568.5,248792.,700.,500.,50.,0.,0.,2177037.,150.,50.,0.,50.,1401.,1501.,2652.5,50.,1601.,
239.052001953125,265560.,26096.,14370.,288408.,1401.,350.,0.,0.,100.,2058928.,300.,100.,100.,300.,1201.,850.5,1601.,0.,1701.5,
242.1190032958984,271610.,29806.,12316.5,260594.,2001.5,550.5,50.,0.,0.,1996637.5,150.,0.,0.,50.,1801.5,500.,2402.,100.,1551.,
245.1849975585938,258504.,32413.5,16424.,310480.,1201.,500.,50.,0.,0.,2662190.5,50.,50.,0.,100.,850.5,1000.5,2852.5,0.,1801.5,
248.2510070800781,251840.,27149.,17326.,281888.,2302.,300.,100.,0.,100.,1916816.,50.,100.,0.,150.,1150.5,1100.5,2502.,0.,1501.,
251.3179931640625,259822.,27800.5,15021.,259158.,1901.5,350.,350.,0.,100.,2124633.75,100.,0.,0.,50.,600.,1000.5,2902.5,50.,1000.5,
254.3840026855469,252244.,31711.5,13168.,259716.,1501.,450.,150.,0.,0.,2474177.5,200.,300.,0.,250.,1150.5,1201.,2001.5,0.,1150.5,
257.4500122070313,269324.,34620.,12266.,298964.,1651.5,100.,0.,0.,100.,2461376.,50.,0.,0.,50.,800.,650.,2502.5,50.,1151.,
260.5169982910156,261558.,26096.,11665.,249908.,1401.,250.,100.,50.,0.,1815226.75,100.,0.,0.,300.,1551.,1401.,2202.,0.,1751.5,
263.5830078125,274000.,31310.5,14170.,284740.,1401.,200.,0.,50.,0.,1901761.,250.,50.,0.,0.,1551.5,700.,3103.,50.,1901.5,
266.6489868164063,250664.,31511.,13168.,326324.,1150.5,350.,100.,0.,0.,1583778.,50.,100.,0.,150.,1501.,950.5,2302.,200.,1701.,
269.7160034179688,265060.,27450.,17927.,247624.,1601.,750.5,100.,0.,100.,1992656.,250.,100.,0.,0.,1601.5,500.,2452.5,0.,1150.5,
272.7820129394531,266790.,33768.,13819.,275276.,1651.5,700.,200.,150.,50.,1911184.,0.,50.,0.,50.,1100.5,800.5,3353.5,0.,1251.,
275.8479919433594,266778.,29956.,14019.5,246252.,1050.5,250.,200.,50.,0.,2015871.75,100.,0.,0.,0.,1200.5,1551.,2702.5,100.,800.,
278.9150085449219,264298.,26196.5,13669.,224676.,1451.,100.,50.,100.,100.,2419915.5,100.,100.,0.,200.,1201.,950.5,3103.,50.,1351.,
281.9809875488281,239792.,19330.,11264.5,203334.,900.,250.,150.,50.,100.,2241155.75,0.,0.,50.,100.,1201.,600.,2202.,100.,650.,
285.0480041503906,236174.,12967.5,5656.,132863.,650.5,400.,100.,0.,0.,863800.,50.,150.,0.,0.,1251.,1151.,1351.,0.,500.,
288.114013671875,241416.,13919.,7358.5,184548.,1451.5,400.,50.,0.,50.,1198624.,300.,0.,50.,0.,1100.5,550.,1601.5,50.,1601.,
291.1799926757813,243602.,17325.5,8359.5,178832.,650.,400.,100.,0.,0.,1440375.125,200.,50.,0.,0.,1000.5,1100.5,2652.,0.,1300.5,
294.2470092773438,241582.,27400.,12366.5,307512.,1050.5,500.,0.,50.,0.,1479920.,0.,100.,0.,50.,1000.5,1050.5,1301.,50.,750.,
297.31298828125,239082.,22788.,12366.5,259062.,1351.,350.,200.,0.,100.,1938896.,50.,0.,50.,50.,800.5,1601.,2452.,0.,1451.,
300.3789978027344,248210.,27500.,11114.5,309424.,1300.5,500.,200.,50.,0.,2023680.,200.,0.,0.,100.,1351.,1251.,2252.,50.,2151.5,
303.4460144042969,241186.,29254.5,11815.5,227012.,1901.5,50.,50.,100.,150.,1662176.,250.,50.,0.,200.,1101.,1251.,2302.,0.,1651.5,
306.5119934082031,255978.,32263.,9812.5,238938.,1251.,500.,150.,0.,100.,1893377.5,150.,100.,0.,50.,1000.5,1000.5,2502.5,0.,1201.,
309.5780029296875,250480.,27600.5,12016.,230590.,1601.5,250.,150.,50.,150.,1840882.,50.,100.,0.,50.,1951.5,900.5,3153.,0.,1601.,
312.6449890136719,257844.,31210.,15722.5,229094.,1751.5,400.,0.,0.,0.,2575640.,100.,150.,50.,0.,1751.5,1401.,3753.5,50.,1601.,
315.7109985351563,258712.,33617.,22938.,310368.,4054.,150.,50.,0.,50.,1902848.,100.,300.,0.,0.,450.,1151.,2252.,0.,750.,
318.7770080566406,261342.,81933.,26898.5,287752.,7408.5,500.,0.,0.,0.,1395856.,300.,50.,0.,50.,800.5,750.5,1651.,50.,2202.,
321.843994140625,246866.,120805.,39335.5,213224.,12116.,300.,150.,0.,0.,2141584.,200.,0.,50.,0.,650.,650.5,750.5,0.,2302.,
324.9100036621094,273806.,144067.,64137.,285052.,15122.,700.,50.,50.,0.,1751040.,0.,50.,0.,50.,550.,100.,650.,50.,2652.5,
327.9760131835938,283510.,186116.,64186.5,295184.,18027.5,150.,0.,50.,0.,796814.875,300.,50.,0.,0.,550.,300.,650.,50.,2852.5,
331.0429992675781,283910.,207946.,62629.5,263730.,17877.,400.,50.,0.,50.,1494592.,300.,0.,0.,0.,100.,350.,700.,150.,3954.,
334.1090087890625,300316.,167302.,50024.5,326556.,11414.5,400.,150.,0.,100.,1429264.,200.,400.,0.,150.,450.,150.,750.5,0.,5255.5,
337.1759948730469,292968.,134926.,39887.,279572.,8560.,600.,50.,0.,100.,1277472.,250.,200.,50.,50.,600.,550.,1150.5,50.,4504.5,
340.2420043945313,305108.,98438.,37378.5,313588.,7509.,400.,50.,50.,100.,1231072.,450.,0.,0.,0.,300.,700.,1701.5,0.,4404.5,
343.3080139160156,295438.,86207.,23740.5,303740.,3653.5,250.,150.,100.,50.,1167776.,50.,50.,0.,0.,900.,900.5,1301.,0.,4304.5,
346.375,260880.,35322.,12467.,148810.,1000.5,200.,0.,0.,0.,339104.,0.,0.,50.,0.,700.,700.,2352.,0.,1952.,
349.4410095214844,245172.,41091.,11865.5,166744.,1751.5,500.,150.,100.,100.,627088.,50.,50.,0.,0.,350.,1250.5,1451.,100.,2152.,
352.5069885253906,254334.,48970.5,18728.5,244624.,1851.5,800.5,100.,100.,50.,1163488.,200.,50.,0.,150.,1051.,1000.5,2252.,0.,2502.,
355.5740051269531,264956.,42496.5,19881.5,254122.,2352.,800.5,150.,0.,0.,1191144.,100.,0.,0.,50.,1100.5,850.5,2051.5,0.,2552.5,
358.6400146484375,271754.,48218.,18177.5,269934.,1351.,600.,0.,0.,50.,1366016.,100.,0.,0.,0.,1050.5,1701.5,2752.5,0.,1952.,
361.7059936523438,271944.,50175.5,23539.5,284284.,1401.,500.,50.,0.,0.,1165216.,200.,0.,0.,100.,1851.5,1401.,3753.5,150.,2352.,
364.7730102539063,253954.,51431.,20833.5,328220.,1301.,1000.5,100.,0.,0.,1363328.,0.,200.,0.,0.,1501.,1901.5,3152.5,0.,3053.,
367.8389892578125,259978.,42345.5,18277.5,305592.,1501.,750.5,0.,0.,50.,1306160.,150.,200.,0.,100.,1901.5,1351.,3753.5,0.,1751.5,
370.9049987792969,250234.,40489.,16223.5,304460.,1000.5,600.,50.,0.,0.,1167984.,200.,100.,0.,0.,1551.,1051.,3253.,50.,1501.5,
373.9719848632813,238348.,38984.,21685.,418352.,950.5,600.5,50.,0.,50.,931656.,300.,50.,0.,100.,1151.,750.,3503.,0.,2752.5,
377.0379943847656,231584.,35021.5,15271.5,244674.,900.5,300.,50.,0.,0.,1049016.,100.,0.,50.,0.,1351.,850.5,2502.,50.,2152.,
380.10400390625,225886.,30257.5,12867.,217478.,1101.,550.,0.,0.,0.,742968.,0.,0.,50.,350.,800.,1050.5,1851.5,100.,2402.5,
383.1709899902344,212232.,23940.5,10663.5,178478.,600.,450.,100.,0.,150.,433440.,50.,100.,0.,100.,950.5,450.,2001.5,0.,1851.5,
386.2369995117188,199696.,16474.5,6707.5,116823.,350.,600.,100.,100.,50.,205462.,50.,0.,0.,0.,650.,550.,2102.,0.,1000.5,
389.3039855957031,206616.,10012.5,2852.5,89077.,450.,550.,0.,0.,0.,121058.,0.,0.,0.,50.,700.,400.,1851.5,0.,700.,
392.3699951171875,198802.,7408.5,3253.5,75194.,150.,300.,0.,50.,0.,66648.,0.,0.,0.,0.,150.,600.,950.5,0.,850.5,
395.4360046386719,196314.,7058.,2152.,74138.,100.,600.,0.,50.,50.,34118.5,0.,0.,0.,0.,850.5,950.5,1601.5,0.,850.,
398.5029907226563,194942.,7158.5,2402.,81530.,200.,700.,50.,0.,0.,14270.,0.,0.,0.,0.,550.,850.5,1150.5,0.,700.,
401.5690002441406,195440.,5206.,2502.,73886.,100.,250.,0.,0.,0.,7959.5,0.,0.,0.,50.,900.5,700.,950.5,0.,600.,
404.635009765625,198302.,5405.5,2002.,71071.,150.,350.,50.,50.,0.,4004.,0.,0.,0.,0.,450.,700.,1401.,0.,700.,
407.7019958496094,187096.,5155.5,2302.,66599.,200.,650.,0.,0.,0.,2352.,0.,0.,0.,50.,450.,750.5,1751.5,0.,650.,
410.7680053710938,195294.,4855.,2201.5,74238.,250.,200.,0.,0.,0.,2252.,0.,0.,0.,0.,450.,600.,900.5,0.,600.,
413.8340148925781,191050.,4154.,3153.,81279.,150.,900.,0.,0.,100.,2002.,0.,0.,0.,200.,550.,500.,1301.,0.,650.,
416.9010009765625,185282.,5456.,2101.5,63936.5,250.,450.,100.,0.,0.,1501.,0.,50.,0.,100.,800.,750.,1601.,0.,550.,
419.9670104980469,178736.,4604.5,1701.,74791.,300.,250.,0.,0.,0.,900.5,0.,50.,0.,250.,1050.5,800.,1401.,0.,1001.,
423.0329895019531,178472.,4404.5,2952.5,64388.,300.,550.,50.,0.,50.,450.,0.,50.,0.,50.,450.,650.,1601.5,0.,400.,
426.1000061035156,186230.,5305.5,1801.5,74037.,300.,600.,50.,150.,0.,250.,0.,0.,0.,0.,1000.5,950.5,1301.,0.,600.,
429.1659851074219,179484.,4705.,2502.,68358.5,200.,200.,150.,0.,0.,100.,0.,0.,0.,100.,800.,900.5,750.,0.,400.,
432.2319946289063,188108.,4755.,2502.,65945.5,200.,600.,100.,50.,50.,0.,0.,0.,0.,0.,1350.5,350.,1801.5,0.,600.,
435.2990112304688,187620.,3953.5,1701.5,67252.5,300.,350.,50.,0.,50.,200.,0.,0.,0.,200.,600.,450.,1501.,0.,600.5,
438.364990234375,178476.,4504.5,2151.5,70820.,50.,800.5,0.,0.,0.,200.,0.,0.,0.,0.,850.,400.,1150.5,0.,250.,
441.4320068359375,178284.,4404.5,2302.,68709.,350.,400.,250.,0.,0.,250.,0.,150.,0.,0.,650.,750.,1101.,0.,350.,
444.4979858398438,181460.,4054.,2302.,66297.5,450.,250.,0.,150.,0.,100.,0.,0.,0.,50.,850.,400.,1501.,50.,450.,
447.5639953613281,181782.,5005.,2001.5,86258.,400.,700.5,0.,0.,0.,450.,0.,0.,0.,50.,750.,400.,1050.5,0.,450.,
450.6310119628906,188000.,4554.5,1701.5,75646.,450.,450.,50.,0.,50.,2402.,0.,150.,0.,0.,700.,500.,1801.5,0.,500.,
453.6969909667969,186592.,4004.,2252.,68106.,250.,550.5,50.,0.,250.,11615.,200.,350.,0.,0.,550.,850.5,1351.,150.,900.5,
456.7630004882813,188352.,3954.,1851.5,78512.,550.,300.,0.,50.,150.,52384.,0.,600.,0.,100.,1551.,950.5,2602.5,50.,250.,
459.8299865722656,198800.,4755.,2002.,71624.,200.,600.,0.,150.,100.,134121.,100.,1751.5,100.,150.,2302.,2152.,3603.5,0.,600.,
462.89599609375,197128.,5205.5,2552.5,73887.,0.,300.,0.,200.,400.,213826.,100.,2152.,150.,150.,2752.5,2002.,5205.5,150.,550.,
465.9620056152344,204264.,4304.5,2052.,69111.,500.,750.,100.,250.,400.,329752.,100.,2803.,100.,200.,4204.,3153.,6257.,500.,400.,
469.0289916992188,208490.,4204.,2652.5,89881.,400.,700.5,100.,550.,700.,389940.,300.,2552.5,200.,250.,3753.5,2752.5,7208.5,500.,250.,
472.0950012207031,222620.,6907.5,3453.5,91340.,200.,500.,50.,650.,1051.,512172.,450.,3253.,400.,300.,3403.5,3453.5,5956.5,800.5,700.5,
475.1610107421875,242934.,8059.5,4154.,99142.,150.,400.,100.,800.5,1000.5,528160.,850.5,3003.,250.,250.,3954.,3303.,7108.5,600.,850.,
478.2279968261719,245356.,12567.,4404.,119445.,500.,450.,300.,1000.5,600.,659120.,650.,2902.5,150.,700.,3553.5,2552.,6056.5,1050.5,600.,
481.2940063476563,271162.,13017.5,5055.5,157398.,750.,1051.,250.,300.,900.5,657880.,900.5,2051.5,250.,600.,3954.,2902.5,6106.5,1351.,500.,
484.3599853515625,295932.,16374.,6707.5,174378.,750.,600.,100.,1200.5,850.5,649216.,1401.,2001.5,50.,650.,2552.5,2252.,4955.5,1651.5,900.5,
487.427001953125,307418.,18729.,8310.,212150.,750.,850.5,150.,350.,850.5,571800.,1651.5,1101.,100.,350.,2102.,1651.,3303.,1100.5,1100.5,
490.4930114746094,354288.,20182.,9211.,201868.,1051.,700.,50.,400.,900.5,386868.,2151.5,950.5,50.,250.,1751.,1351.,2502.,1451.,1551.,
493.5599975585938,341468.,20483.,10313.,221682.,1101.,200.,0.,400.,1301.,457336.,1751.,1100.5,50.,350.,950.5,1200.5,3102.5,800.5,1000.5,
496.6260070800781,336098.,24843.,13969.5,211964.,800.5,600.,150.,300.,900.,307780.,1951.5,800.,100.,400.,1201.,750.5,2202.,700.,1451.,
499.6919860839844,330860.,24442.,12366.5,268724.,1451.,550.,100.,300.,800.,221280.,2802.5,550.,150.,150.,850.5,1301.,1451.,700.5,900.,
502.7590026855469,334872.,32263.,11164.,312776.,1851.5,900.5,400.,750.,750.,195584.,1851.5,700.,50.,350.,1000.5,1200.5,1751.5,300.,1050.5,
505.8250122070313,310760.,30959.,15272.,339764.,900.5,1351.,100.,200.,550.,192716.,1902.,450.,0.,300.,750.5,350.,1651.,450.,950.5,
508.8909912109375,310258.,32664.5,17025.5,277672.,850.,550.,0.,250.,450.,162708.,2352.,700.,0.,100.,500.,600.,1151.,950.5,1501.5,
511.9580078125,285816.,26647.5,14620.5,272226.,2051.5,950.5,50.,400.,450.,105336.,3253.,150.,50.,300.,750.5,150.,700.,1050.5,1301.,
515.0239868164063,309192.,28452.5,14771.,286376.,1601.,500.,50.,550.,650.,127108.,2702.5,300.,0.,350.,1000.5,950.5,1150.5,650.5,1601.,
518.0900268554688,285108.,29405.,14871.,377772.,950.5,300.,0.,1000.5,800.,104279.,2151.5,0.,50.,350.,600.,450.,1601.5,450.,1351.,
521.156982421875,309466.,25795.5,13418.,461052.,1551.,200.,100.,500.,900.5,102364.,2202.,200.,0.,150.,700.,950.5,600.,750.5,1751.,
524.2230224609375,283000.,25294.,17526.5,221770.,1651.5,650.,250.,1150.5,1801.5,252854.,3153.,500.,0.,300.,450.,700.,1150.5,600.5,2201.5,
527.2890014648438,254302.,25294.,14019.,258544.,1651.5,500.,0.,250.,400.,54392.5,900.5,50.,0.,50.,250.,400.,1251.,300.,1501.,
530.3560180664063,280294.,31159.5,13969.5,346400.,1101.,300.,0.,150.,1100.5,59013.,1150.5,300.,0.,0.,900.,250.,1200.5,250.,1251.,
533.4219970703125,268478.,27800.5,16725.,332172.,1902.,700.,350.,300.,450.,65543.5,1451.,100.,100.,50.,250.,850.5,1851.5,250.,1501.,
536.4879760742188,265994.,25394.,18829.,339556.,1952.,1501.,50.,400.,350.,64589.,1301.,300.,50.,50.,850.5,450.,850.5,600.,1601.5,
539.5549926757813,279214.,38633.,19881.,347384.,900.5,550.,350.,450.,650.,86611.,1651.,200.,200.,250.,650.,700.,1101.,600.5,1501.,
542.6209716796875,282490.,36526.,17226.,390812.,2252.,450.,100.,300.,600.,78864.,700.,250.,0.,150.,700.5,450.,1601.,200.,1201.,
545.68798828125,269454.,29906.5,15271.5,398196.,1451.,500.,400.,550.5,1300.5,55400.,400.,100.,0.,100.,650.,450.,800.5,450.,1050.5,
548.7540283203125,296854.,26497.,15372.,316292.,2302.,350.,200.,750.,750.,45055.5,1451.,150.,50.,100.,900.5,800.,1701.5,450.,1651.5,
551.8200073242188,280556.,26998.,21986.,341088.,1952.,250.,150.,700.,750.5,69317.5,400.,50.,50.,100.,700.5,250.,1351.,350.,1100.5,
554.8870239257813,273864.,26647.5,14921.5,376096.,1651.,700.,150.,400.,600.,53438.5,1100.5,0.,0.,100.,400.,500.,1101.,250.,1200.5,
557.9530029296875,282192.,28001.,16474.,416396.,2302.,850.,200.,250.,1050.5,57104.5,1151.,200.,0.,150.,750.5,250.,1902.,250.,800.,
561.0189819335938,291844.,33066.,15222.,378880.,1551.,400.,200.,600.,500.,44353.,900.5,200.,0.,0.,250.,500.,1551.5,250.,1901.5,
564.0859985351563,283848.,34872.5,21835.5,360664.,1651.,600.,200.,200.,650.,41442.5,900.5,200.,0.,0.,500.,500.,600.,450.,900.,
567.1519775390625,320456.,32814.5,19129.5,378680.,1701.5,600.,100.,350.,950.5,27399.5,1351.,50.,0.,150.,300.,200.,1251.,150.,1651.,
570.218017578125,287954.,26146.,17476.,430200.,2052.,850.5,400.,200.,650.,41793.5,650.,50.,0.,150.,650.,500.,650.5,550.,1151.,
573.2849731445313,303404.,30909.,17275.5,416604.,2702.5,250.,200.,350.,250.,37229.5,1351.,200.,0.,50.,750.,300.,1351.,650.,1751.5,
576.3510131835938,284932.,32815.,15572.5,390964.,1651.,400.,100.,250.,600.,25795.,650.,100.,0.,50.,450.,400.,850.5,350.,1551.,
579.4169921875,266930.,32263.,14520.,401368.,2302.,500.,200.,550.,1201.,30358.,300.,100.,50.,50.,650.,600.,1251.,250.,1851.5,
582.4840087890625,288658.,32915.,14420.,322000.,1901.5,550.,100.,500.,650.,27449.5,700.,200.,0.,0.,650.,600.,1251.,650.,1601.,
585.5499877929688,288114.,35523.,15221.5,374596.,2402.,300.,100.,350.,1050.5,24893.,500.,0.,0.,250.,650.,250.,1851.5,350.,1951.5,
588.6160278320313,281838.,39235.,11315.,380928.,2202.,300.,300.,100.,250.,31461.,350.,0.,0.,100.,700.,600.,950.5,400.,1951.5,
591.6829833984375,272380.,36877.,15422.,432064.,1751.5,450.,250.,250.,500.,18678.5,550.,0.,0.,50.,850.5,500.,1000.5,300.,2051.5,
594.7490234375,294846.,35422.5,17827.,395168.,1951.5,500.,50.,350.,500.,25243.5,250.,100.,0.,150.,950.5,850.5,850.5,400.,2202.,
597.8159790039063,284078.,31510.5,14420.,482788.,2552.5,400.,200.,150.,450.,16825.,500.,50.,0.,200.,1050.5,800.5,1050.5,300.,1201.,
600.8820190429688,296760.,30156.5,17326.,353364.,1451.,800.5,200.,250.,650.,21785.5,400.,150.,50.,100.,450.,500.,1300.5,300.,1601.5,
603.947998046875,274400.,30257.,19380.5,421064.,2052.,400.,350.,400.,400.,16524.,350.,150.,0.,50.,800.,200.,1701.5,300.,1301.,
607.0150146484375,275438.,30508.,19781.,414860.,1651.5,600.,0.,100.,700.5,21284.5,450.,50.,0.,0.,800.,600.,2052.,400.,1601.,
610.0809936523438,278612.,31761.5,19881.5,389584.,2202.,150.,0.,250.,200.,15372.,350.,0.,0.,150.,1100.5,850.5,1451.,200.,1150.5,
613.14697265625,292534.,33065.,15121.5,357448.,1951.5,500.,0.,600.,450.,15923.,400.,50.,0.,200.,750.5,850.5,1101.,300.,1351.,
616.2139892578125,313514.,28552.5,15672.5,470512.,2652.5,450.,50.,250.,700.,15121.5,500.,100.,0.,0.,450.,450.,1351.,250.,1301.,
619.280029296875,307782.,28853.5,22787.5,476624.,1902.,650.,200.,350.,50.,18027.,450.,200.,50.,0.,700.5,550.,2452.5,550.5,2302.,
622.3460083007813,298180.,29656.,20833.5,460064.,2352.,550.,200.,400.,700.,13518.5,150.,50.,0.,50.,850.5,1000.5,1151.,150.,1751.5,
625.4130249023438,275298.,28452.,20783.,362636.,2202.,250.,150.,250.,950.5,14520.5,650.,0.,0.,150.,250.,1000.5,1851.5,200.,1401.,
628.47900390625,285498.,30458.,20382.5,377448.,1451.,600.,350.,300.,300.,13017.5,450.,0.,0.,50.,1050.5,700.,1501.,50.,2202.,
631.5449829101563,295002.,33767.5,14420.5,496992.,1301.,550.,50.,150.,400.,11364.5,450.,50.,0.,0.,650.5,600.,1901.5,150.,1250.5,
634.6119995117188,306672.,34269.,22487.5,414780.,1951.5,1201.,150.,350.,250.,13668.5,450.,50.,0.,100.,750.5,650.,1551.,250.,2152.,
637.677978515625,282544.,35874.,18178.,403072.,1951.5,650.5,200.,450.,550.,12817.5,450.,0.,0.,100.,500.,500.,1801.5,100.,1551.5,
640.7440185546875,293976.,29906.5,14670.5,293672.,1351.,250.,50.,400.,400.,14771.,550.,50.,0.,0.,600.5,200.,2101.5,250.,1601.,
643.8109741210938,302126.,32012.,20382.5,370152.,2852.5,350.,150.,350.,500.,10163.,250.,100.,0.,250.,850.5,550.,1200.5,150.,1901.5,
646.8770141601563,308768.,32915.,17125.5,458228.,2352.5,500.,150.,200.,400.,12767.5,450.,0.,0.,0.,600.,850.5,1351.,200.,1901.5,
649.9439697265625,303748.,32915.5,18027.,412152.,2052.,750.5,100.,100.,400.,9411.5,250.,0.,150.,100.,450.,800.5,1501.,300.,1701.,
653.010009765625,304020.,30157.,16073.5,412144.,1050.5,400.,50.,450.,300.,10413.,500.,50.,50.,400.,400.,850.5,1801.5,100.,950.5,
656.0759887695313,290074.,29354.5,21134.5,417336.,1801.5,600.,0.,250.,550.,9662.,300.,0.,100.,50.,600.,600.,1000.5,150.,1751.,
659.1430053710938,309616.,31009.5,14921.,316748.,2151.5,600.5,200.,400.,500.,9862.5,550.,50.,0.,50.,250.,300.,1351.,200.,1301.,
662.208984375,310772.,23790.,12216.,385536.,1451.,450.,0.,550.,450.,10463.,850.,50.,50.,50.,750.,700.,1501.5,450.,1451.,
665.2750244140625,303216.,31460.5,13368.,430824.,2652.5,300.,200.,100.,350.,10463.,100.,200.,0.,350.,600.,550.,1351.,150.,1401.,
668.3419799804688,296722.,31159.5,16424.,372056.,2051.5,600.,150.,300.,300.,7208.5,200.,50.,0.,50.,1000.5,550.,1601.5,100.,1751.5,
671.4080200195313,282174.,32413.,15622.5,365792.,2202.,400.,50.,50.,250.,10313.,550.,0.,50.,100.,600.,400.,1100.5,150.,1151.,
674.4739990234375,314158.,28754.,17175.5,478224.,2152.,350.,50.,400.,400.,8510.,100.,0.,50.,100.,800.5,300.,2101.5,250.,1951.5,
