Trace for Mass:,Al27(LR),As75(LR),Se77(LR),Se78(LR),Se82(LR),Ag107(LR),Ag109(LR),Cd111(LR),Cd114(LR),In115(LR),Sn118(LR),La139(LR),Nd146(LR),Pb204(LR),Pb206(LR),Pb207(LR),Pb208(LR),Hg200(LR),Kr83(LR)
Resolution:,Low,Low,Low,Low,Low,Low,Low,Low,Low,Low,Low,Low,Low,Low,Low,Low,Low,Low,Low
,,,,,,,,,,,,,,,,,,,
Time,Intensity,Intensity,Intensity,Intensity,Intensity,Intensity,Intensity,Intensity,Intensity,Intensity,Intensity,Intensity,Intensity,Intensity,Intensity,Intensity,Intensity,Intensity,Intensity
[sec],[cps],[cps],[cps],[cps],[cps],[cps],[cps],[cps],[cps],[cps],[cps],[cps],[cps],[cps],[cps],[cps],[cps],[cps],[cps]

2.943000078201294,218728.,2902.5,1401.,71373.,100.,500.,100.,50.,100.,0.,0.,0.,0.,0.,700.,550.,1351.,50.,950.5,
6.008999824523926,224026.,2752.5,1251.,79618.,200.,600.5,200.,0.,0.,0.,0.,0.,0.,0.,450.,100.,950.5,0.,900.5,
9.076000213623047,218162.,2602.5,2101.5,76501.,0.,600.,50.,0.,50.,50.,50.,100.,0.,0.,550.,150.,800.5,0.,350.,
12.14200019836426,228576.,2853.,1601.,85856.,100.,600.,100.,0.,0.,0.,0.,150.,0.,0.,550.,600.5,800.,50.,500.,
15.20800018310547,221100.,4554.5,3403.5,153050.,450.,200.,200.,100.,0.,400.,100.,0.,0.,100.,1751.5,950.5,2252.,0.,800.5,
18.27499961853027,335804.,39586.,26146.5,799856.,1551.,500.5,200.,0.,200.,12967.5,350.,150.,0.,300.,1601.,3003.,6607.5,100.,2352.,
21.34099960327148,450060.,58812.,50828.,1083552.,3553.5,950.5,500.,100.,100.,3597664.,850.5,250.,0.,350.,5906.5,2902.5,9562.,100.,4304.,
24.40800094604492,491352.,92649.,52083.,1117456.,5556.,750.,200.,0.,250.,6651269.5,1050.5,200.,0.,450.,1901.5,1651.5,4054.,200.,4354.5,
27.47400093078613,494752.,86409.,49624.,1046216.,5756.5,750.,350.,250.,250.,7667728.,1651.5,250.,0.,100.,3002.5,3203.,6908.,0.,4905.5,
30.54000091552734,378212.,55346.5,33015.,994904.,3103.,300.,200.,0.,200.,2228662.5,350.,100.,0.,100.,2051.5,1000.5,3653.5,50.,3153.,
33.60699844360352,339538.,32464.,19430.,466144.,1251.,500.,50.,50.,50.,2251984.,200.,100.,0.,0.,1851.5,800.,2052.,0.,2802.5,
36.67300033569336,325020.,22537.5,13067.5,374784.,1151.,100.,100.,0.,150.,1462733.5,550.,500.,50.,50.,1751.5,1250.5,2152.,0.,1501.,
39.73899841308594,305464.,25444.5,16324.,347424.,700.,400.,50.,0.,50.,2066816.,100.,0.,0.,50.,1050.5,1251.,1851.5,50.,1651.,
42.80599975585938,307598.,23790.,14921.,340232.,1251.,200.,200.,0.,0.,1527072.,300.,0.,0.,0.,1050.5,800.5,2102.,0.,1601.,
45.87200164794922,304248.,21384.5,15823.,449676.,1000.5,100.,250.,50.,200.,1591888.,150.,0.,0.,200.,1150.5,1050.5,2202.,50.,2252.,
48.9379997253418,312174.,21434.5,13518.5,393396.,550.,800.,50.,0.,200.,1490208.,200.,150.,0.,50.,1301.,1301.,2252.,50.,1851.5,
52.00500106811523,278742.,23289.,14420.5,413588.,800.,600.5,200.,100.,0.,1379568.,150.,0.,0.,100.,1100.5,950.5,2152.,100.,1501.,
55.07099914550781,306886.,25394.,14119.5,383744.,850.,200.,400.,0.,100.,1706688.,250.,300.,0.,250.,1551.,1151.,2102.,0.,2051.5,
58.13700103759766,263992.,21735.5,11665.,362928.,950.5,400.,0.,0.,0.,1753822.75,150.,0.,0.,0.,900.5,1100.5,2051.5,0.,1101.,
61.20399856567383,274492.,25294.,9361.5,417272.,950.5,450.,0.,50.,50.,1420080.,450.,50.,0.,50.,1150.5,800.,2252.,50.,1651.5,
64.26999664306641,285140.,24392.,12416.5,398112.,1000.5,150.,100.,0.,100.,1610992.,300.,0.,100.,150.,1251.,1501.5,2152.,0.,1101.,
67.33599853515625,291680.,22186.5,14771.,436524.,400.,250.,300.,0.,100.,1795552.,200.,100.,0.,50.,750.5,900.5,2202.,50.,1801.5,
70.40299987792969,275992.,20132.,15422.,298544.,500.,350.,0.,0.,150.,1974660.75,350.,150.,0.,100.,950.5,1301.,2052.,0.,1401.,
73.46900177001953,282922.,20583.,14721.,287408.,550.,200.,100.,50.,0.,1881116.25,300.,0.,0.,50.,1050.5,1301.,2402.,100.,1351.,
76.53600311279297,263922.,22637.5,10213.,379396.,1050.5,150.,100.,0.,0.,2023888.,50.,100.,0.,50.,1151.,1351.,2652.5,0.,1451.,
79.60199737548828,288140.,19580.5,12316.,319764.,900.5,300.,50.,100.,50.,2006944.,0.,250.,0.,0.,1050.5,650.,2352.,100.,1901.5,
82.66799926757813,271878.,19079.5,14420.,334868.,750.,400.,0.,0.,100.,2401472.,50.,100.,0.,50.,1150.5,1151.,2051.5,0.,1351.,
85.73500061035156,273316.,24041.,12066.,314344.,1051.,250.,0.,50.,100.,2152118.,50.,150.,0.,100.,950.5,850.5,1651.5,100.,1451.,
88.80100250244141,268760.,17376.,11315.,359388.,1451.5,500.,100.,50.,50.,2191466.,350.,50.,0.,150.,1000.5,1201.,2652.,50.,1551.5,
91.86699676513672,268662.,15672.5,9712.5,358720.,1051.,250.,50.,50.,50.,2099927.5,0.,50.,0.,50.,1401.,1350.5,1601.5,0.,1351.,
94.93399810791016,259568.,17827.,12867.5,316592.,850.5,300.,0.,50.,0.,2235488.,200.,100.,0.,100.,700.5,600.,1951.5,0.,1301.,
98.,255910.,19580.5,9912.5,329320.,900.5,350.,50.,0.,150.,2580034.,50.,0.,0.,150.,700.,550.,1801.5,0.,1401.,
101.0660018920898,248990.,18678.5,11815.5,299376.,750.,300.,150.,100.,50.,1988483.5,250.,50.,0.,250.,1451.,850.5,2452.,0.,1250.5,
104.1330032348633,251724.,16925.,8410.,267390.,1151.,350.,50.,0.,100.,2248928.,200.,200.,0.,0.,1300.5,550.,2802.5,100.,900.5,
107.1989974975586,258830.,15773.,11264.5,373420.,1051.,350.,100.,0.,50.,2136578.,400.,100.,0.,0.,1351.,600.,1751.5,50.,1351.,
110.2649993896484,259918.,15221.5,9561.5,280454.,1300.5,250.,150.,100.,150.,2184272.,200.,50.,0.,100.,850.,800.5,2402.,100.,1251.,
113.3320007324219,263836.,20432.5,10964.,272792.,600.,300.,350.,0.,50.,2060114.875,150.,0.,0.,100.,900.,800.,1501.,0.,1501.5,
116.3980026245117,263270.,18027.,9611.5,354272.,900.5,250.,250.,0.,50.,2341707.25,250.,100.,0.,150.,650.,1100.5,2002.,50.,1251.,
119.463996887207,256898.,16274.,10363.,344856.,750.5,200.,50.,50.,0.,2303142.,0.,250.,0.,50.,1051.,500.,1701.5,0.,1801.5,
122.5309982299805,268290.,17376.,9912.5,305932.,650.,100.,0.,0.,0.,1996381.5,50.,200.,0.,0.,1200.5,900.5,2152.,0.,1201.,
125.5970001220703,259814.,13819.,11064.,282248.,850.5,200.,250.,0.,100.,2111342.25,100.,0.,0.,50.,1000.5,700.,1701.5,100.,1451.5,
128.6640014648438,252766.,15672.5,8410.,331028.,900.5,250.,200.,0.,0.,2032021.5,150.,300.,0.,50.,1150.5,900.5,1751.5,100.,1301.,
131.7299957275391,260844.,18077.,11314.5,281840.,600.,50.,0.,0.,100.,1906480.25,100.,100.,0.,150.,1501.,1200.5,2652.5,100.,1601.5,
134.7960052490234,251184.,17075.,9561.5,268456.,1000.5,100.,0.,50.,0.,2255968.,0.,200.,0.,100.,600.5,700.5,2102.,100.,1451.,
137.8630065917969,251402.,22637.5,10814.,337316.,1151.,100.,0.,0.,300.,2594558.5,0.,150.,0.,0.,800.5,600.,2102.,100.,1601.,
140.9290008544922,268938.,20482.5,11966.,305064.,1351.,350.,0.,0.,0.,2076013.25,100.,50.,0.,50.,1701.5,850.5,1601.5,0.,650.,
143.9949951171875,262862.,17476.,13368.5,275850.,1000.5,500.,100.,100.,100.,2099232.,50.,0.,0.,0.,950.5,850.5,2152.,100.,1501.,
147.0619964599609,255238.,20132.,8911.,346860.,1551.,200.,50.,50.,0.,2156672.,50.,150.,100.,50.,1000.5,800.5,1901.5,0.,1451.,
150.1280059814453,270196.,17576.,11515.,298080.,950.5,250.,50.,0.,50.,2311307.75,150.,100.,50.,50.,1051.,400.,1651.,100.,950.5,
153.1940002441406,267870.,16925.5,10513.,274664.,950.5,150.,150.,0.,50.,2259136.,200.,0.,0.,0.,1601.5,600.,2001.5,0.,2101.5,
156.2610015869141,259148.,14921.,11765.5,367572.,1000.5,100.,150.,0.,150.,2409256.5,50.,150.,0.,0.,700.,750.,3003.,100.,1050.5,
159.3269958496094,262652.,18929.,12466.5,386916.,600.,450.,0.,0.,0.,2248848.,200.,100.,50.,0.,1351.,1150.5,2251.5,100.,1851.5,
162.3930053710938,261494.,16875.,12567.,384524.,750.,450.,50.,0.,0.,2008704.,150.,0.,0.,50.,1301.,550.,2051.5,50.,2252.,
165.4600067138672,265502.,22788.5,11765.5,353608.,1251.,300.,0.,50.,0.,2107728.,150.,100.,0.,0.,900.5,1201.,1501.,150.,1200.5,
168.5260009765625,252888.,35673.5,13168.,248840.,2101.5,450.,200.,0.,50.,2366790.25,100.,50.,0.,100.,1100.5,750.,1651.5,50.,1351.,
171.5919952392578,257370.,41141.5,22187.,277512.,2202.,250.,100.,0.,100.,1451575.5,50.,200.,100.,50.,950.5,650.,1651.,0.,950.5,
174.6589965820313,253630.,61072.5,21785.5,312204.,3653.5,150.,0.,0.,100.,1461157.5,0.,100.,50.,50.,500.,950.5,1201.,50.,2051.5,
177.7250061035156,268306.,68508.5,33868.5,305660.,3303.5,200.,50.,0.,0.,2192320.,150.,100.,0.,50.,1050.5,350.,1000.5,0.,1851.5,
180.7920074462891,278864.,84497.,25896.,263730.,2402.,200.,0.,0.,0.,1844016.,200.,0.,0.,50.,450.,100.,1201.,100.,1201.,
183.8580017089844,277844.,63684.5,25093.5,291458.,2902.5,250.,0.,0.,100.,2000336.,150.,0.,0.,50.,650.,1150.5,1301.,50.,2302.,
186.9239959716797,274438.,57154.5,25845.5,260582.,2402.5,300.,0.,50.,50.,1664624.,50.,0.,0.,0.,1051.,850.5,1501.,0.,1801.5,
189.9909973144531,288548.,61524.,16824.5,241884.,1350.5,600.,150.,0.,0.,1845216.,50.,50.,0.,150.,900.5,750.,1150.5,0.,1952.,
193.0570068359375,296016.,41091.5,16724.5,303500.,1751.5,500.,200.,0.,0.,2011968.75,0.,50.,0.,50.,1601.,550.,2152.,0.,1451.,
196.1230010986328,323294.,63283.,21685.,219604.,1301.,200.,50.,100.,0.,1309520.,0.,0.,0.,0.,650.5,1351.,1801.5,0.,1501.,
199.1900024414063,279006.,31410.,11916.,256014.,1050.5,400.,0.,0.,0.,1492320.,100.,0.,0.,150.,850.5,900.5,2352.,0.,1551.5,
202.2559967041016,273500.,32062.5,9962.5,255902.,1651.,200.,250.,0.,0.,1760128.,100.,250.,0.,100.,800.5,400.,3053.,100.,1901.5,
205.3220062255859,275518.,41593.,14720.5,263372.,1701.5,150.,50.,0.,0.,1515703.25,200.,150.,0.,50.,1051.,450.,2752.5,50.,2002.,
208.3890075683594,258518.,37479.,12867.5,259258.,1351.,350.,50.,150.,50.,2121056.,150.,50.,50.,0.,1151.,1101.,1501.,50.,1401.,
211.4550018310547,265466.,36476.,13167.5,293092.,1651.5,400.,0.,0.,150.,1897416.375,0.,100.,0.,0.,600.,1050.5,1851.5,50.,1351.,
214.52099609375,260426.,32213.,13118.,229828.,1451.5,250.,100.,0.,50.,1840608.,200.,0.,0.,50.,850.,1051.,2802.5,0.,1151.,
217.5879974365234,263450.,37078.5,12667.,264086.,1751.5,300.,50.,0.,0.,1748224.,100.,100.,50.,0.,1150.5,950.5,2252.,0.,1551.,
220.6540069580078,269558.,32012.5,14220.,258700.,1100.5,450.,50.,0.,100.,2148776.,100.,50.,0.,100.,800.,1601.,2602.,50.,1250.5,
223.7200012207031,259876.,35422.5,13518.5,275172.,1301.,50.,50.,0.,0.,1866534.875,50.,200.,50.,150.,1201.,850.5,2152.,0.,1401.,
226.7870025634766,262554.,26297.,14971.5,268880.,1150.5,550.,50.,0.,50.,1941024.,350.,0.,0.,0.,900.5,1101.,2352.,0.,1251.,
229.8529968261719,258086.,36677.,19229.5,332072.,1100.5,450.,150.,0.,50.,2053552.,200.,50.,0.,50.,1601.5,400.,2352.,100.,1451.,
232.9199981689453,264452.,28703.,15472.,258036.,1250.5,250.,0.,0.,0.,2346784.,100.,0.,50.,0.,750.5,1100.5,1751.5,0.,2052.,
235.9859924316406,270942.,36375.5,17325.5,224576.,1751.5,150.,200.,0.,100.,2189289.,100.,150.,0.,50.,1050.5,1050.5,2302.,0.,1701.5,
239.052001953125,270346.,32614.5,14019.,241070.,1551.,400.,50.,0.,0.,1860512.,150.,150.,0.,200.,1501.,1000.5,2252.,0.,1201.,
242.1190032958984,275832.,29806.,20934.,180196.,1401.,500.,100.,0.,50.,2189255.75,200.,0.,0.,0.,1200.5,700.,2402.,50.,1301.,
245.1849975585938,264808.,33667.,15822.5,258154.,1251.,300.,50.,0.,50.,1989449.5,0.,50.,0.,0.,1952.,1101.,1851.5,0.,1451.5,
248.2510070800781,262682.,29305.5,12717.,275304.,1201.,450.,100.,0.,0.,2177152.,150.,50.,0.,0.,800.5,1201.,2302.,0.,1451.,
251.3179931640625,244090.,30608.,13618.5,299060.,1150.5,350.,50.,0.,50.,1892000.,100.,0.,0.,100.,1100.5,1050.5,1801.,50.,1902.,
254.3840026855469,240080.,37980.5,15973.,303636.,1201.,350.,200.,0.,50.,1994464.,0.,0.,50.,100.,1751.5,950.5,1851.5,0.,950.5,
257.4500122070313,238898.,31861.5,18278.,364100.,950.5,650.,150.,50.,0.,1694197.5,150.,0.,0.,0.,1000.5,750.,2502.,0.,1351.,
260.5169982910156,243810.,30006.5,18829.,250726.,1551.5,450.,0.,0.,0.,1897110.,50.,50.,0.,100.,1451.,1401.,1651.5,100.,1601.5,
263.5830078125,238784.,28502.5,13719.,274826.,1351.,350.,0.,0.,0.,2157515.5,150.,0.,0.,100.,900.5,1501.5,1551.,0.,1251.,
266.6489868164063,248042.,25895.5,18378.,294164.,1201.,600.,250.,0.,0.,2177616.,0.,50.,0.,0.,950.5,900.5,2352.,0.,1751.5,
269.7160034179688,257216.,33617.,17626.5,227112.,1100.5,200.,50.,50.,0.,2049629.25,100.,50.,50.,100.,500.,700.,2202.,0.,1351.,
272.7820129394531,251332.,29806.,14019.5,318028.,1201.,400.,50.,0.,300.,1944560.,0.,0.,0.,0.,1501.,1000.5,2552.5,0.,1301.,
275.8479919433594,249122.,26748.,11565.,289996.,1401.,200.,0.,0.,50.,2325984.,50.,0.,0.,50.,1100.5,1151.,2302.,0.,1401.,
278.9150085449219,247262.,30558.,12917.5,256724.,900.5,300.,0.,50.,50.,1870577.,50.,0.,0.,0.,1251.,1200.5,2902.5,100.,2002.,
281.9809875488281,248904.,19981.5,13468.5,218894.,850.5,100.,100.,0.,0.,1277152.,0.,100.,0.,100.,450.,750.5,2052.,100.,1351.,
285.0480041503906,225996.,12967.5,6808.,186674.,650.,750.5,50.,0.,0.,1021584.,150.,0.,0.,200.,1301.,800.5,2202.,0.,1151.,
288.114013671875,239558.,19179.5,10864.,249652.,700.5,250.,0.,0.,50.,1489664.,100.,50.,0.,150.,700.,850.,2352.,0.,1501.,
291.1799926757813,240306.,24341.5,10112.5,187888.,1300.5,150.,0.,0.,100.,1757360.,200.,200.,0.,50.,1851.5,1150.5,1751.5,100.,1901.5,
294.2470092773438,232900.,22737.5,14370.,252804.,1151.,500.,150.,0.,50.,1754880.,50.,0.,0.,50.,1551.5,1351.,2352.,100.,1451.,
297.31298828125,239524.,26948.5,14320.,323172.,600.,150.,100.,100.,0.,2135712.,150.,0.,100.,50.,1751.,850.,3153.,0.,1401.,
300.3789978027344,245820.,24692.5,14721.,249464.,750.5,500.,100.,0.,50.,2267568.,100.,100.,0.,150.,1050.5,1000.5,3103.,0.,1301.,
303.4460144042969,236838.,27700.5,12967.5,302936.,1050.5,800.,150.,0.,0.,1884348.75,300.,50.,0.,50.,1501.,550.,2902.5,50.,1300.5,
306.5119934082031,259226.,31611.,14220.,336748.,650.,300.,0.,0.,200.,1974846.875,150.,50.,0.,50.,1301.,800.,2602.,0.,1250.5,
309.5780029296875,252098.,26747.5,20583.,266020.,450.,950.5,100.,0.,200.,2402008.5,300.,200.,100.,0.,1051.,550.,2652.5,0.,1451.,
312.6449890136719,243994.,32714.5,13118.,273652.,850.5,100.,200.,0.,0.,2183024.,100.,50.,50.,100.,900.5,900.5,3303.5,0.,1801.5,
315.7109985351563,242518.,33416.5,15723.,351716.,1251.,500.,100.,0.,100.,2710847.75,250.,0.,0.,150.,1250.5,550.,2202.,150.,1200.5,
318.7770080566406,247282.,71777.5,24041.,285520.,3603.5,350.,150.,0.,100.,2170208.,100.,0.,100.,100.,800.5,500.,1251.,0.,1451.,
321.843994140625,250614.,95417.,33567.,242748.,3353.,450.,150.,0.,0.,2211344.,150.,50.,0.,0.,800.5,750.,1451.,0.,1801.5,
324.9100036621094,253026.,135884.,51530.5,230918.,7759.,650.,250.,100.,0.,1511248.,150.,50.,0.,0.,400.,200.,550.,0.,2652.5,
327.9760131835938,261976.,112642.,57758.5,211394.,5255.5,600.,50.,0.,350.,1531824.,300.,150.,0.,0.,200.,300.,800.5,0.,3203.,
331.0429992675781,274342.,153516.,46410.5,237166.,9361.5,800.5,50.,0.,0.,1632400.,150.,350.,0.,0.,350.,200.,600.5,0.,6557.5,
334.1090087890625,275586.,118386.,49070.5,289680.,7058.5,600.,150.,0.,0.,1108656.,250.,100.,0.,100.,150.,250.,900.5,0.,4905.5,
337.1759948730469,272992.,110675.,45707.5,295360.,4654.5,650.,100.,100.,100.,1134280.,200.,150.,0.,0.,150.,50.,500.,0.,4755.,
340.2420043945313,270046.,94812.,32664.5,216670.,3102.5,500.,50.,0.,0.,1206368.,300.,0.,100.,0.,500.,300.,1000.5,0.,5005.5,
343.3080139160156,262896.,82736.,27500.,321588.,2101.5,1150.5,100.,0.,100.,1022304.,200.,50.,0.,100.,1000.5,550.,1451.,0.,4104.,
346.375,257080.,46310.,16223.5,164418.,1100.5,750.5,100.,0.,100.,459288.,0.,150.,0.,0.,600.,950.5,950.5,0.,3403.5,
349.4410095214844,237328.,25946.,10863.5,130741.,650.5,500.,100.,0.,100.,434828.,50.,0.,0.,0.,1050.5,800.,2001.5,0.,3954.,
352.5069885253906,234102.,40539.5,18277.5,201410.,800.5,400.,50.,0.,100.,862384.,0.,200.,0.,100.,1201.,1051.,2202.,200.,3152.5,
355.5740051269531,240346.,35874.,17626.5,236244.,800.5,450.,150.,0.,50.,862872.,200.,150.,0.,50.,1551.,900.5,2402.,0.,3403.,
358.6400146484375,228872.,44804.5,24692.5,274366.,1201.,800.,50.,0.,0.,1514544.,350.,150.,0.,50.,1000.5,1150.5,2202.,0.,2552.5,
361.7059936523438,228544.,38833.5,19380.,266782.,900.5,700.5,100.,0.,0.,1303104.,200.,0.,0.,0.,1100.5,1401.,2002.,0.,1601.5,
364.7730102539063,231320.,32263.5,17426.,336772.,800.5,350.,150.,50.,0.,1168832.,400.,0.,50.,50.,1001.,950.5,2602.5,50.,2602.,
367.8389892578125,228556.,34570.,18678.5,377600.,1201.,250.,50.,100.,0.,1253264.,200.,0.,0.,200.,500.,950.5,2502.,0.,1901.5,
370.9049987792969,230602.,37278.5,13067.5,237212.,1100.5,450.,150.,150.,0.,1107848.,100.,250.,0.,50.,1901.5,950.5,2902.5,50.,2101.5,
373.9719848632813,226722.,34921.5,19330.5,254638.,1050.5,450.,0.,0.,0.,961384.,150.,100.,0.,100.,1301.,1501.,2602.5,0.,1601.,
377.0379943847656,210202.,31510.5,18678.5,292072.,1150.5,950.5,150.,100.,150.,938272.,100.,50.,0.,0.,1551.,2002.,2802.5,0.,1501.,
380.10400390625,207018.,32063.,13368.,237514.,1000.5,550.,100.,0.,0.,1080224.,250.,0.,0.,50.,1401.,1351.,2853.,0.,2051.5,
383.1709899902344,196890.,23589.5,9010.5,206222.,250.,950.5,400.,0.,100.,606744.,50.,0.,0.,0.,1151.,450.,1951.5,0.,1000.5,
386.2369995117188,192964.,16023.5,8310.,125750.,450.,400.,100.,0.,0.,292840.,0.,200.,0.,0.,750.,550.,2202.,50.,1351.,
389.3039855957031,189448.,9812.5,3403.,90937.,350.,350.,0.,0.,0.,129983.,0.,0.,0.,50.,600.,800.,1902.,0.,1301.,
392.3699951171875,186490.,8560.5,3303.5,71524.,200.,400.,150.,0.,0.,73535.,0.,0.,0.,100.,900.5,900.5,1351.,0.,800.,
395.4360046386719,184510.,5906.5,3453.5,73434.,350.,1000.5,50.,0.,0.,43450.,0.,0.,0.,50.,650.5,600.,1351.,0.,900.5,
398.5029907226563,176046.,6056.5,1751.5,68560.,100.,550.5,50.,0.,200.,19079.5,0.,0.,0.,50.,850.,500.,1401.,0.,600.,
401.5690002441406,170334.,4454.5,1751.5,66950.,150.,1000.5,100.,50.,0.,9862.5,0.,0.,0.,0.,850.5,350.,1351.,50.,700.,
404.635009765625,169529.,4504.5,1751.,72832.,250.,200.,0.,0.,0.,5506.,0.,0.,0.,100.,500.,900.5,1451.,0.,1301.,
407.7019958496094,170492.,4504.5,1801.5,66950.,400.,600.,0.,50.,0.,4304.5,0.,0.,0.,100.,500.,1201.,1551.5,0.,350.,
410.7680053710938,167612.,4554.5,2452.,69062.,100.,300.,100.,0.,100.,2102.,0.,0.,0.,100.,950.5,900.5,850.,50.,450.,
413.8340148925781,166956.,3703.5,1601.5,62078.,0.,600.5,100.,0.,0.,850.,0.,150.,0.,50.,550.,800.,1251.,0.,950.5,
416.9010009765625,170532.,4154.,1451.,65845.,200.,550.,100.,0.,0.,750.,0.,0.,0.,50.,800.5,650.,1351.,0.,750.5,
419.9670104980469,163352.,3553.5,2001.5,60720.5,250.,850.5,100.,0.,0.,600.5,0.,0.,0.,0.,700.,700.,1451.,0.,550.5,
423.0329895019531,164212.,3753.5,1851.5,58109.,50.,300.,50.,0.,0.,750.,0.,0.,0.,50.,900.5,250.,1551.5,0.,700.,
426.1000061035156,163868.,3453.5,1901.5,61876.,200.,300.,50.,50.,0.,100.,0.,0.,0.,0.,950.5,850.,600.,50.,200.,
429.1659851074219,161245.,2702.5,2051.5,63584.,450.,350.,50.,0.,50.,100.,0.,0.,0.,0.,450.,700.,1251.,0.,350.,
432.2319946289063,165936.,3503.,1451.,64739.5,250.,400.,0.,0.,0.,0.,0.,0.,50.,50.,600.,600.,1051.,0.,750.,
435.2990112304688,164463.,4504.5,2552.,76400.,300.,450.,0.,0.,0.,150.,0.,0.,0.,50.,450.,600.5,1851.5,0.,850.5,
438.364990234375,162396.,3703.5,2102.,59364.5,300.,200.,100.,0.,50.,100.,100.,0.,0.,150.,800.,400.,900.5,0.,650.,
441.4320068359375,158853.,2802.5,1751.5,70669.,300.,450.,0.,0.,0.,150.,0.,0.,0.,150.,800.5,600.,850.5,0.,600.5,
444.4979858398438,164618.,3954.,2352.,65493.,150.,600.,50.,0.,50.,0.,0.,0.,0.,0.,1250.5,450.,1751.5,0.,600.,
447.5639953613281,166793.,3353.,2352.,67554.,50.,400.,0.,0.,0.,350.,50.,50.,0.,50.,450.,500.,1551.,200.,750.,
450.6310119628906,166698.,3153.,1601.,75445.,550.,450.,0.,0.,50.,1601.5,50.,0.,0.,0.,400.,700.5,900.5,0.,500.,
453.6969909667969,171045.,4104.,1501.,70569.,300.,700.,100.,0.,150.,11014.,150.,200.,0.,200.,1050.5,500.,1301.,0.,500.,
456.7630004882813,171540.,4304.5,1351.,72680.,300.,150.,0.,0.,0.,34921.,50.,350.,50.,200.,1351.,650.,1801.5,0.,850.5,
459.8299865722656,174226.,3303.,1701.,70066.,150.,250.,0.,50.,0.,115160.,50.,400.,0.,150.,1101.,700.,2252.,0.,500.,
462.89599609375,183132.,3153.,1351.,67503.,250.,600.,100.,50.,50.,197054.,0.,850.5,100.,100.,1000.5,950.5,3353.,50.,250.,
465.9620056152344,184046.,4805.,2202.,74942.,50.,500.,0.,0.,250.,271000.,0.,1501.,50.,200.,1801.5,1551.,3102.5,50.,550.,
469.0289916992188,191918.,5556.,2402.,68759.,400.,1151.,100.,100.,0.,322404.,150.,600.,100.,50.,2251.5,1501.,3503.,200.,150.,
472.0950012207031,201276.,5455.5,2702.5,79317.,400.,350.,0.,100.,50.,350340.,150.,700.,100.,200.,1751.5,1251.,3103.,250.,400.,
475.1610107421875,210806.,7308.5,2952.5,80071.,500.,500.,150.,150.,500.,440836.,250.,1451.5,200.,100.,2352.,1851.5,3553.5,300.,550.,
478.2279968261719,219452.,9211.5,4054.,106697.,300.,650.,150.,250.,600.,431752.,400.,950.5,50.,50.,1501.,1651.5,3553.5,450.,900.5,
481.2940063476563,244226.,11615.,5155.5,131600.,650.,950.5,50.,0.,150.,493384.,300.,1651.,0.,250.,1901.5,1551.,3303.5,200.,1200.5,
484.3599853515625,261280.,11514.5,5756.5,137503.,450.,1000.5,200.,100.,300.,503956.,900.5,1000.5,0.,200.,850.5,1501.,2652.,300.,850.5,
487.427001953125,255654.,12166.5,6307.,161994.,550.,600.,150.,250.,150.,513904.,950.5,700.,100.,200.,1000.5,1150.5,2152.,1101.,800.5,
490.4930114746094,304100.,14871.,7258.5,205934.,800.,650.5,300.,350.,250.,536124.,1050.5,550.,50.,100.,1151.,1351.,2152.,250.,1551.5,
493.5599975585938,322422.,23940.5,9161.5,241122.,650.,700.,0.,150.,200.,525624.,1651.5,800.5,100.,100.,950.5,650.5,2352.,450.,900.5,
496.6260070800781,287498.,20282.5,10763.5,240002.,1100.5,750.,150.,50.,700.,334920.,600.,600.,100.,50.,850.,1051.,1301.,300.,900.5,
499.6919860839844,306968.,27048.5,13067.5,285048.,750.,900.5,150.,150.,450.,323884.,750.5,200.,0.,150.,650.,900.5,1401.,650.,1150.5,
502.7590026855469,268822.,18879.5,13268.,310828.,1000.5,350.,200.,50.,300.,244420.,750.,100.,50.,100.,750.,250.,1301.,200.,1100.5,
505.8250122070313,275288.,25294.,10914.,291668.,1101.,550.,300.,50.,200.,194220.,1000.5,250.,0.,150.,600.,400.,1051.,200.,1651.,
508.8909912109375,297214.,22988.5,10063.,271970.,550.,600.,150.,150.,250.,194066.,1050.5,150.,0.,0.,600.,700.,1101.,100.,1300.5,
511.9580078125,434268.,33517.5,12717.,353664.,250.,900.5,150.,50.,350.,94258.,900.,50.,0.,50.,350.,700.,1251.,50.,950.5,
515.0239868164063,249676.,23840.5,9712.,321376.,1501.,1000.5,150.,300.,400.,108258.,500.,150.,0.,100.,600.,350.,1300.5,400.,1451.,
518.0900268554688,267200.,25143.5,12617.,271982.,1101.,650.,50.,0.,150.,113195.,600.,50.,50.,100.,600.,400.,1051.,300.,1401.,
521.156982421875,264084.,28151.5,17075.5,402500.,1050.5,1251.,200.,50.,350.,98487.,400.,0.,0.,100.,800.,200.,900.,150.,1000.5,
524.2230224609375,260718.,34269.5,14570.5,262882.,1000.5,600.,350.,400.,250.,97380.,650.5,150.,0.,150.,600.,650.,1000.5,150.,2252.,
527.2890014648438,248310.,27901.,17526.5,324296.,1201.,550.,200.,100.,150.,101309.,450.,100.,100.,0.,550.,500.,500.,50.,1451.,
530.3560180664063,262358.,25995.5,12717.,316948.,1150.5,1050.5,100.,0.,650.,101157.,600.,100.,50.,150.,500.,300.,1350.5,150.,1401.,
533.4219970703125,276030.,26597.5,21786.,381300.,1301.,1050.5,100.,300.,350.,78010.,500.,100.,0.,200.,500.,300.,700.5,150.,1751.5,
536.4879760742188,277544.,27400.,16975.5,384852.,1501.,600.,50.,250.,50.,88723.,850.5,50.,0.,50.,400.,500.,1201.,300.,1751.5,
539.5549926757813,253446.,30106.5,16374.,324096.,1150.5,900.5,100.,200.,300.,105487.,1251.,150.,0.,0.,550.,850.,950.5,150.,2151.5,
542.6209716796875,268052.,28502.,20382.,348856.,1201.,500.,300.,150.,200.,64990.5,650.,150.,100.,100.,550.,500.,1200.5,100.,1250.5,
545.68798828125,261238.,25544.5,16524.,405480.,1201.,750.,100.,50.,0.,55246.,300.,0.,0.,0.,600.5,450.,1301.,150.,1851.5,
548.7540283203125,245802.,25194.,13117.5,265718.,1250.5,600.,0.,50.,100.,53439.,700.,200.,0.,50.,800.5,350.,1301.,100.,800.,
551.8200073242188,272774.,31310.5,15121.5,429636.,2002.,600.,300.,100.,150.,74843.,550.,50.,0.,50.,700.,600.,1451.,150.,1701.,
554.8870239257813,275720.,33617.,18127.5,421988.,1200.5,300.,0.,0.,350.,46310.,400.,50.,0.,50.,550.,300.,1000.5,100.,1501.,
557.9530029296875,262994.,25244.,19480.5,323172.,1151.,450.,50.,250.,100.,49523.5,300.,50.,0.,100.,350.,750.,1751.5,250.,1601.5,
561.0189819335938,254878.,23590.,12516.5,379700.,1151.,1000.5,200.,150.,150.,44302.5,450.,0.,0.,0.,600.,600.5,1251.,100.,1501.,
564.0859985351563,266114.,27499.5,13719.,421784.,1050.5,1150.5,50.,150.,300.,30407.5,700.,100.,100.,0.,450.,500.,1000.5,50.,2352.,
567.1519775390625,255902.,33667.5,17476.5,363896.,1401.,650.,150.,200.,150.,32614.,300.,100.,0.,0.,700.,450.,1050.5,150.,800.,
570.218017578125,249550.,24392.,14169.5,430048.,1151.,1000.5,150.,350.,200.,23840.5,650.5,0.,0.,0.,600.,400.,1301.,100.,1301.,
573.2849731445313,252716.,26146.,16474.,270952.,2001.5,650.5,200.,100.,600.,22988.5,400.,100.,50.,100.,950.5,600.,850.5,150.,800.5,
576.3510131835938,248542.,23941.,17927.,322252.,900.5,750.,150.,100.,150.,24793.,750.5,0.,0.,50.,1101.,800.,1050.5,100.,1401.,
579.4169921875,255558.,34470.,15522.,328272.,2102.,550.,50.,150.,150.,18428.5,200.,50.,0.,0.,750.,600.5,1001.,50.,1601.,
582.4840087890625,258102.,23940.5,14821.,373664.,1551.,750.5,150.,100.,250.,13769.,450.,50.,0.,0.,800.,600.,1851.5,250.,1301.,
585.5499877929688,252782.,30809.,13668.5,419732.,1601.,200.,450.,150.,150.,23990.5,350.,50.,0.,0.,950.5,500.,1201.,0.,1100.5,
588.6170043945313,243428.,28552.5,13568.5,327368.,1200.5,600.,150.,100.,0.,15822.5,100.,0.,0.,0.,750.,650.,1151.,0.,1851.5,
591.6829833984375,245476.,29906.5,17927.5,392084.,1301.,400.,50.,350.,350.,20032.,150.,100.,50.,0.,550.,650.,1451.5,50.,1301.,
594.7490234375,279046.,21334.5,14370.,309608.,1351.,400.,0.,400.,400.,17025.,350.,0.,0.,50.,850.,500.,1151.,100.,1901.5,
597.8159790039063,262574.,22136.5,14921.,335564.,1851.5,550.,50.,100.,550.,13318.,100.,50.,0.,0.,600.,650.,900.5,200.,1100.5,
600.8820190429688,258296.,23439.,12967.5,298608.,1101.,400.,500.,50.,50.,10864.,800.5,0.,50.,0.,950.5,300.,1401.,50.,1151.,
603.947998046875,281440.,27249.,11464.5,436572.,1050.5,250.,100.,50.,400.,13619.,650.,0.,0.,0.,1101.,400.,1751.,100.,1601.,
607.0150146484375,264236.,30107.,18378.,360776.,1701.5,900.5,150.,50.,250.,10513.5,100.,150.,0.,100.,700.,450.,1601.,150.,1751.5,
610.0809936523438,249026.,24893.,14971.,387996.,1251.,250.,0.,350.,200.,14620.5,50.,200.,0.,0.,800.5,550.,550.,50.,1751.5,
613.14697265625,252896.,25645.,15823.,435648.,1701.5,350.,300.,50.,100.,14570.5,400.,0.,100.,50.,800.5,700.,1301.,0.,1251.,
616.2139892578125,261220.,22837.5,13669.,409112.,1351.,750.5,0.,250.,450.,10313.,250.,150.,100.,0.,600.,450.,1551.,150.,1651.5,
619.280029296875,282564.,29957.,12767.,397640.,1301.,900.5,150.,250.,300.,13318.,300.,100.,0.,0.,1101.,350.,1751.5,200.,1701.5,
622.3460083007813,287222.,28101.5,13718.5,417248.,1150.5,300.,150.,100.,250.,10313.,400.,0.,0.,0.,300.,600.,1351.,500.,1751.5,
625.4130249023438,279250.,27750.5,15171.5,406184.,1301.,500.,250.,50.,50.,10764.,200.,100.,0.,100.,750.,500.,1351.,150.,1851.5,
628.47900390625,280606.,24041.,14069.5,496584.,1150.5,750.5,150.,50.,50.,11915.5,550.,50.,0.,200.,550.,850.5,1651.5,100.,1701.,
631.5449829101563,277042.,24442.,15222.,439680.,1301.,750.,100.,100.,350.,11114.5,50.,0.,50.,0.,550.,300.,1301.,50.,1301.,
634.6119995117188,277984.,21033.5,19781.5,386212.,1351.,400.,150.,150.,150.,11515.,350.,0.,0.,100.,600.,650.,1701.5,50.,2051.5,
637.677978515625,275820.,27851.,15622.,442808.,700.,700.,250.,250.,200.,7008.,250.,50.,0.,0.,500.,300.,1751.5,150.,1200.5,
640.7449951171875,268918.,31360.,15021.5,304108.,1150.5,400.,150.,50.,550.,7709.,200.,0.,50.,150.,1101.,450.,1851.5,50.,1601.,
643.8109741210938,294690.,26998.5,12416.5,387852.,1151.,550.,150.,50.,200.,10513.5,250.,150.,100.,100.,800.5,750.5,1401.,0.,1351.,
646.8770141601563,272442.,29054.,17376.,329956.,1951.5,650.,200.,0.,100.,11615.,150.,0.,0.,0.,750.,450.,1551.,100.,1251.,
649.9439697265625,267968.,24392.,19380.,346400.,1501.,650.,100.,50.,300.,9511.5,450.,0.,0.,100.,850.5,800.,2001.5,50.,1951.5,
653.010009765625,273102.,25194.,18829.,430512.,1000.5,650.,200.,0.,150.,8210.,100.,0.,0.,0.,950.5,550.,2101.5,0.,800.,
656.0759887695313,275622.,27600.,15522.5,453288.,1050.5,750.5,100.,150.,300.,11515.5,200.,200.,0.,150.,200.,950.5,1201.,100.,1001.,
659.1430053710938,266248.,24141.5,14620.5,328936.,1000.5,750.,100.,0.,200.,10112.5,200.,150.,0.,100.,450.,250.,1200.5,200.,1851.5,
662.208984375,257328.,29455.,12817.,402124.,1051.,900.5,100.,150.,0.,9912.5,150.,200.,0.,50.,850.5,800.5,1501.,0.,1401.,
665.2750244140625,302306.,25294.,16374.,424248.,1851.5,650.5,150.,150.,0.,8510.5,50.,50.,0.,150.,600.,450.,1501.,50.,1301.,
668.3419799804688,288932.,29405.,20483.,439380.,1751.5,450.,100.,0.,150.,7759.,200.,100.,100.,50.,750.5,300.,1100.5,200.,1351.,
671.4080200195313,270016.,24843.,16173.5,451176.,1701.5,500.,50.,0.,100.,8009.5,300.,0.,0.,100.,650.,600.,1150.5,100.,1701.5,
674.4739990234375,279236.,26296.5,14721.,407536.,1701.5,600.,50.,150.,100.,8810.5,250.,150.,0.,50.,650.,900.5,1251.,0.,1601.5,
