Trace for Mass:,Al27(LR),As75(LR),Se77(LR),Se78(LR),Se82(LR),Ag107(LR),Ag109(LR),Cd111(LR),Cd114(LR),In115(LR),Sn118(LR),La139(LR),Nd146(LR),Pb204(LR),Pb206(LR),Pb207(LR),Pb208(LR),Hg200(LR),Kr83(LR)
Resolution:,Low,Low,Low,Low,Low,Low,Low,Low,Low,Low,Low,Low,Low,Low,Low,Low,Low,Low,Low
,,,,,,,,,,,,,,,,,,,
Time,Intensity,Intensity,Intensity,Intensity,Intensity,Intensity,Intensity,Intensity,Intensity,Intensity,Intensity,Intensity,Intensity,Intensity,Intensity,Intensity,Intensity,Intensity,Intensity
[sec],[cps],[cps],[cps],[cps],[cps],[cps],[cps],[cps],[cps],[cps],[cps],[cps],[cps],[cps],[cps],[cps],[cps],[cps],[cps]

2.943000078201294,249986.,4054.,2252.,85002.,300.,400.,50.,0.,0.,50.,0.,0.,0.,50.,300.,500.,950.5,0.,750.,
6.008999824523926,264240.,4054.,1401.,86058.,200.,150.,50.,0.,0.,200.,0.,0.,0.,100.,850.,400.,1351.,0.,400.,
9.076000213623047,253854.,2702.5,1401.,84849.,450.,200.,200.,0.,0.,100.,0.,0.,0.,0.,550.,100.,1101.,0.,550.,
12.14200019836426,246272.,3553.,1401.,79970.,350.,250.,50.,0.,0.,0.,0.,0.,0.,50.,300.,550.,1051.,0.,550.,
15.20800018310547,244266.,4555.,1300.5,77758.,300.,500.,150.,50.,50.,400.,0.,200.,0.,0.,1100.5,1250.5,2352.,200.,500.,
18.27499961853027,345192.,35673.5,12016.,457852.,1551.5,750.5,450.,0.,200.,1951.5,750.,150.,100.,250.,2702.,2352.,7709.,0.,1651.5,
21.34099960327148,472736.,77255.,35673.,1228032.,3904.,650.,750.5,100.,0.,941016.,1000.5,750.5,300.,300.,5606.,5155.5,11315.,100.,3853.5,
24.40800094604492,541392.,91944.,55999.5,1269728.,5806.,450.,550.,50.,50.,5706281.,1200.5,250.,100.,600.,5806.5,4004.,7158.,100.,6056.5,
27.47400093078613,515868.,73635.,57908.,1051584.,5055.,550.,600.,0.,200.,8305161.,950.5,550.,0.,250.,4755.,3153.,7859.,50.,4104.5,
30.54000091552734,477584.,94762.,45708.,1239088.,3403.,850.5,150.,50.,100.,3787277.5,300.,150.,0.,200.,1701.5,2352.,5355.5,0.,3153.,
33.60699844360352,372600.,53438.5,27249.,694152.,1651.5,700.,100.,100.,50.,1984720.,350.,150.,0.,50.,1551.,850.5,2802.5,0.,2803.,
36.67300033569336,326964.,35623.5,17125.5,412152.,1401.,300.,0.,50.,100.,1583184.,350.,200.,0.,200.,1501.,1151.,2452.5,150.,2402.,
39.73899841308594,308378.,25544.5,15021.5,437404.,1251.,450.,50.,0.,0.,1998096.,100.,350.,50.,50.,1401.,800.5,2652.5,0.,2852.5,
42.80599975585938,332104.,27851.,14169.5,435600.,1351.,250.,50.,0.,100.,1703456.,300.,50.,0.,200.,1100.5,1350.5,3153.,50.,1951.5,
45.87200164794922,320016.,39084.5,21234.,303896.,1351.,650.,350.,200.,50.,2048784.,350.,100.,0.,50.,1951.5,2001.5,2452.,0.,2052.,
48.9379997253418,329276.,30408.,15973.5,320160.,950.5,200.,0.,0.,300.,1506912.,150.,50.,0.,50.,1551.,1301.,3253.,0.,1651.5,
52.00500106811523,346392.,27951.,17376.,388484.,850.,250.,200.,0.,0.,1647984.,250.,150.,0.,250.,1901.5,1451.5,2752.5,0.,1751.5,
55.07099914550781,327364.,27850.5,14771.,344260.,1151.,250.,150.,0.,0.,1440117.125,450.,250.,0.,150.,1901.5,1351.,2802.5,100.,2001.5,
58.13700103759766,322914.,36325.5,13168.,397740.,700.,750.,150.,0.,150.,1827344.,200.,150.,100.,100.,1801.5,1701.5,2953.,50.,1601.,
61.20399856567383,328832.,29906.,16073.5,417944.,850.5,300.,200.,0.,100.,1203003.625,600.5,100.,100.,50.,1251.,1851.5,3003.,0.,1701.,
64.26999664306641,325894.,25394.5,15071.5,469908.,700.5,550.,200.,0.,200.,1591184.,200.,0.,0.,100.,2102.,1050.5,3253.,0.,1501.5,
67.33599853515625,326414.,28803.5,13869.,427344.,1451.,350.,250.,50.,150.,1873359.375,100.,50.,0.,0.,1151.,1251.,3353.5,50.,1801.,
70.40299987792969,306230.,27449.5,16624.5,410964.,950.5,250.,250.,0.,0.,2154393.5,350.,100.,0.,150.,750.5,1201.,3052.5,100.,2452.,
73.46900177001953,329390.,25093.5,17175.5,390812.,1200.5,350.,150.,50.,0.,1795088.625,150.,100.,50.,200.,1301.,1351.,2402.,0.,1501.,
76.53600311279297,298462.,26597.,14620.5,414956.,600.,400.,200.,0.,50.,2437900.5,350.,50.,0.,50.,1751.5,1501.,2402.,50.,1451.,
79.60199737548828,303198.,26547.5,18829.,399664.,1250.5,300.,150.,0.,50.,2041577.375,200.,200.,0.,50.,1000.5,750.,2852.5,0.,1501.,
82.66799926757813,308932.,27650.,11765.5,327416.,900.5,150.,0.,0.,50.,2307751.,350.,0.,0.,100.,1651.,1000.5,2151.5,0.,1501.,
85.73500061035156,318104.,21685.,15171.5,409564.,1050.5,650.,100.,0.,0.,2322117.,450.,100.,50.,0.,1551.5,1451.,2902.5,50.,1301.,
88.80100250244141,318782.,24141.,14119.5,304372.,1100.5,300.,50.,0.,0.,3018013.,50.,50.,0.,100.,1551.,1100.5,2502.5,0.,2052.,
91.86699676513672,304134.,21936.,9161.5,402412.,1000.5,400.,200.,0.,0.,3016455.5,650.,100.,0.,0.,1451.,1100.5,3303.,0.,1801.5,
94.93399810791016,289350.,25495.,12667.,406908.,550.,400.,0.,100.,50.,2474962.,150.,300.,50.,100.,1151.,800.,3003.,0.,1051.,
98.,301780.,22086.,12166.5,376424.,700.,450.,50.,50.,0.,2145055.25,150.,50.,0.,50.,1651.,1651.5,2702.5,50.,1201.,
101.0660018920898,296922.,32965.,13118.,409472.,1150.5,400.,100.,0.,0.,2755186.5,400.,200.,0.,100.,1901.5,1100.5,2752.5,0.,1501.,
104.1330032348633,299116.,23740.,12416.5,317612.,750.5,50.,50.,0.,100.,2668141.,150.,0.,50.,50.,1301.,1000.5,2402.5,0.,1351.,
107.1989974975586,293110.,19981.5,12466.5,318428.,1501.,350.,150.,0.,100.,2698043.,350.,500.,0.,0.,1551.,1201.,2852.5,0.,1250.5,
110.2649993896484,294694.,21685.5,11715.5,288976.,1101.,200.,50.,50.,50.,2671382.,250.,50.,0.,100.,1751.,800.5,2652.5,0.,1851.5,
113.3320007324219,282336.,21385.,13719.,355352.,500.,200.,0.,0.,50.,2734375.5,400.,50.,0.,350.,1751.5,950.5,2502.,250.,1351.,
116.3980026245117,289416.,23239.,13919.,308192.,950.5,350.,0.,0.,50.,2722788.,100.,100.,0.,150.,1801.5,750.,2552.5,50.,1351.,
119.463996887207,287864.,19179.5,11464.5,316696.,1101.,300.,200.,50.,0.,2361004.5,200.,0.,0.,200.,1151.,900.5,2452.5,0.,1401.,
122.5309982299805,274978.,26296.5,12767.,315280.,900.,200.,50.,0.,0.,2629945.,100.,550.,0.,200.,1751.5,1000.5,2252.,50.,1301.,
125.5970001220703,303644.,23489.5,15071.,367316.,1200.5,50.,100.,0.,100.,2804285.,250.,50.,0.,0.,1501.,1501.,2602.5,0.,1501.,
128.6629943847656,288242.,24993.5,9712.,356076.,1000.5,50.,150.,0.,200.,2237403.75,200.,150.,100.,100.,1100.5,800.,3353.,100.,1151.,
131.7299957275391,293000.,24792.5,13869.,376272.,500.,450.,250.,150.,0.,2261524.5,100.,100.,0.,150.,1601.5,1000.5,2752.5,0.,1801.5,
134.7960052490234,280488.,18478.,11014.,349260.,1001.,500.,200.,0.,100.,2197349.5,150.,200.,50.,50.,1201.,1351.,3503.5,0.,2052.,
137.8630065917969,299750.,21785.5,9712.,371864.,1551.5,400.,100.,0.,0.,3413293.5,100.,0.,0.,150.,650.5,1501.,3503.,50.,1551.,
140.9290008544922,289648.,21485.,12266.,333128.,600.,550.,100.,50.,0.,2634515.,100.,150.,50.,100.,2051.5,900.5,2352.,0.,1951.5,
143.9949951171875,285174.,21785.5,11465.,372288.,1051.,50.,50.,0.,100.,2795926.,100.,100.,0.,50.,1401.,1100.5,3503.5,100.,1301.,
147.0619964599609,300300.,20582.5,10012.5,292788.,500.,300.,0.,0.,0.,2370776.5,500.,0.,0.,50.,1351.,1351.,2802.5,0.,1601.,
150.1280059814453,289934.,25845.5,12967.5,363988.,900.5,100.,300.,0.,0.,2457256.5,50.,200.,0.,0.,1501.5,1000.5,2452.,50.,1101.,
153.1940002441406,285800.,20833.,9611.5,342904.,600.,50.,150.,0.,100.,2243234.5,50.,50.,0.,50.,2352.,1351.,2702.5,100.,1701.5,
156.2610015869141,291006.,28302.5,11214.5,338692.,1301.,300.,50.,0.,0.,2650162.,200.,100.,0.,0.,1151.,1100.5,2752.5,0.,1551.,
159.3269958496094,293216.,25294.,14971.,335532.,1001.,550.,100.,0.,50.,2344597.5,100.,0.,0.,350.,1150.5,1301.,2602.5,50.,1301.,
162.3930053710938,298698.,20833.5,14420.5,413028.,800.,250.,100.,0.,0.,2336092.75,200.,100.,0.,50.,850.5,1201.,2853.,50.,1801.5,
165.4600067138672,282696.,27048.5,13468.5,320260.,900.5,250.,100.,0.,100.,2271217.,300.,300.,0.,300.,1251.,750.,1801.,0.,1201.,
168.5260009765625,283348.,33517.5,14571.,386880.,900.5,150.,0.,50.,0.,2102077.,250.,50.,0.,0.,1000.5,750.,1951.5,100.,1351.,
171.5919952392578,298032.,54392.5,29054.,233758.,650.,100.,50.,100.,50.,2332256.,100.,50.,0.,0.,1000.5,750.,1251.,0.,1551.,
174.6589965820313,308274.,67606.5,22286.5,229196.,850.5,50.,100.,200.,0.,2303760.,50.,50.,0.,50.,750.5,550.,1201.,0.,1901.5,
177.7250061035156,307086.,70720.,36174.5,263900.,950.5,50.,50.,0.,0.,1870320.,150.,50.,0.,100.,450.,500.,1651.,0.,2652.5,
180.7910003662109,309050.,72981.,29354.5,371508.,950.5,150.,0.,0.,0.,1708800.,50.,0.,0.,0.,450.,550.,1551.,0.,2252.,
183.8580017089844,322120.,98991.,32213.,256158.,800.5,150.,50.,150.,50.,2264650.75,100.,100.,0.,0.,550.,850.5,1150.5,0.,2252.,
186.9239959716797,326434.,64588.5,24742.5,324756.,850.,150.,100.,0.,150.,1773908.5,150.,0.,0.,100.,550.,850.,2752.5,100.,2302.,
189.9909973144531,322442.,57858.,23239.,260172.,1551.5,350.,100.,0.,50.,2359558.,150.,50.,0.,0.,800.5,1451.5,1952.,0.,2502.5,
193.0570068359375,323372.,47213.5,25645.,320880.,850.5,350.,100.,0.,0.,2251584.,50.,0.,50.,50.,800.,900.5,2002.,0.,1801.5,
196.1230010986328,320332.,47414.5,20883.5,365372.,550.,150.,0.,50.,0.,1452953.,0.,200.,0.,50.,1050.5,1201.,1952.,0.,2202.,
199.1900024414063,298694.,42647.,20232.,297320.,700.,550.,250.,0.,0.,1971408.,100.,150.,150.,100.,1251.,500.,1751.5,0.,1601.5,
202.2559967041016,289110.,43851.5,20432.5,268508.,450.,450.,200.,50.,150.,2018466.25,50.,50.,50.,0.,950.5,550.,1851.5,0.,1451.,
205.3220062255859,296918.,38332.,19079.5,273492.,600.,450.,200.,0.,50.,2179936.,50.,0.,0.,150.,1350.5,750.,3153.,0.,2452.5,
208.3890075683594,288572.,41543.,19230.,357888.,900.5,650.5,250.,0.,150.,2434848.,150.,0.,0.,100.,750.5,700.5,1201.,50.,2251.5,
211.4550018310547,289060.,46009.,18077.5,267644.,500.,450.,50.,0.,0.,3012779.25,150.,150.,0.,150.,1301.,1000.5,2252.,0.,1301.,
214.52099609375,279712.,44905.,17025.,303892.,850.5,900.5,50.,0.,100.,1972979.5,250.,0.,50.,50.,900.,1651.,2702.5,0.,2101.5,
217.5879974365234,280544.,47514.5,15672.5,258048.,750.,250.,150.,0.,100.,2129140.75,200.,0.,0.,100.,1451.,1251.,2552.,50.,1201.,
220.6540069580078,287844.,33216.,12617.,333480.,850.5,100.,150.,0.,200.,2639595.5,150.,150.,0.,0.,1100.5,1000.5,2602.5,0.,2101.5,
223.7200012207031,285676.,36978.,14019.5,288216.,300.,150.,50.,100.,0.,2182224.,50.,0.,0.,0.,1551.,1902.,2051.5,0.,1651.,
226.7870025634766,304840.,38081.,15923.,263398.,850.5,450.,0.,0.,0.,2231584.,150.,0.,0.,100.,1701.5,1401.,2202.,0.,1351.,
229.8529968261719,279882.,32514.,21435.5,316332.,850.,550.5,50.,0.,50.,2164395.,250.,250.,0.,50.,1100.5,1201.,2352.,0.,1100.5,
232.9190063476563,275790.,36074.5,16073.5,278316.,850.5,450.,50.,100.,300.,1974144.,150.,100.,0.,100.,1150.5,1100.5,3153.,0.,1501.,
235.9859924316406,272990.,43399.,16875.,265812.,650.,400.,50.,200.,0.,2225460.5,100.,100.,0.,100.,1151.,1000.5,2302.,0.,1100.5,
239.052001953125,280184.,34369.5,19931.5,307664.,1701.5,200.,100.,0.,0.,2699022.,100.,0.,0.,300.,1601.,1451.,2552.,100.,1401.,
242.1190032958984,274194.,39084.5,16474.,275380.,800.,550.,150.,0.,0.,2214294.75,150.,0.,50.,50.,900.5,1551.,2802.5,0.,2402.,
245.1849975585938,276360.,32514.,14821.,336288.,900.5,500.,0.,0.,100.,2028032.,350.,50.,0.,0.,1151.,1151.,2802.5,0.,1551.,
248.2510070800781,276646.,38934.,14220.,277108.,1200.5,250.,0.,0.,0.,2003500.25,50.,50.,0.,50.,1201.,850.5,2602.,0.,1501.,
251.3179931640625,282638.,38984.,17526.5,286028.,1050.5,250.,100.,50.,150.,2454336.,100.,150.,50.,50.,1451.,850.5,3103.,0.,1951.5,
254.3840026855469,281510.,36677.,16173.5,270430.,750.,350.,0.,0.,100.,2466595.25,0.,300.,0.,0.,1401.,700.,1201.,50.,1751.5,
257.4500122070313,260748.,33166.,12717.,222956.,250.,250.,100.,50.,0.,1514720.,50.,100.,0.,50.,750.,900.,2352.,0.,1501.,
260.5169982910156,266734.,35473.,15472.5,251942.,650.,500.,0.,0.,50.,1757360.,200.,250.,0.,0.,1251.,500.,2002.,0.,1551.5,
263.5830078125,267844.,32313.5,15321.5,270294.,1250.5,350.,150.,0.,100.,2023272.25,100.,0.,0.,0.,1701.,1201.,4054.,0.,1301.,
266.6489868164063,262116.,33416.5,14069.5,293516.,650.,200.,250.,0.,50.,1694224.,300.,100.,100.,50.,1451.,1201.,2903.,0.,1851.5,
269.7160034179688,264452.,40590.,17125.5,352828.,600.,400.,50.,150.,50.,2563950.,250.,50.,0.,50.,800.5,1150.5,3103.,0.,1351.,
272.7820129394531,271102.,33968.,16825.,290648.,1051.,250.,0.,0.,100.,2468493.,350.,100.,100.,250.,1451.,700.5,3453.,50.,1601.5,
275.8479919433594,264234.,36977.5,16724.5,293812.,1050.5,150.,50.,0.,150.,2121772.25,100.,0.,0.,50.,1401.,1251.,1651.,0.,1401.,
278.9150085449219,264968.,36676.5,17426.,398548.,1601.,350.,100.,0.,100.,2233360.,100.,200.,0.,150.,1000.5,1251.,2652.5,0.,1751.5,
281.9809875488281,256666.,28302.,14370.,248154.,800.5,200.,0.,0.,100.,1969072.,150.,0.,100.,200.,1000.5,650.,2202.,0.,1351.,
285.0469970703125,247002.,22036.,7308.5,229800.,250.,250.,0.,0.,0.,1684432.,0.,0.,0.,50.,1250.5,600.,1451.,0.,1351.,
288.114013671875,256468.,24442.,9311.5,188194.,800.5,300.,0.,50.,100.,1685264.,200.,150.,0.,250.,1351.,1451.,3103.,50.,1000.5,
291.1799926757813,257528.,23489.5,15923.5,254386.,900.5,450.,0.,0.,150.,2396871.5,150.,0.,0.,100.,650.5,1501.,3153.,0.,1501.,
294.2470092773438,255470.,28201.5,16374.,264594.,550.,150.,50.,0.,50.,2047602.,200.,100.,50.,250.,2001.5,1000.5,2702.,0.,1601.5,
297.31298828125,248482.,28703.,12667.,302020.,400.,250.,100.,0.,0.,2466066.25,100.,0.,50.,0.,1351.,900.5,3353.,100.,1751.,
300.3789978027344,265084.,23439.5,19180.,278326.,800.5,400.,0.,0.,0.,2132302.5,0.,0.,100.,150.,1451.,1351.,2952.5,0.,1751.5,
303.4460144042969,261078.,34319.,16975.,309300.,950.5,200.,200.,0.,0.,2563296.,150.,50.,0.,50.,1501.5,1451.,3103.,0.,2001.5,
306.5119934082031,262896.,32915.5,19029.5,280920.,1251.,350.,0.,50.,100.,2448914.,250.,0.,0.,150.,1051.,900.5,3053.,0.,2002.,
309.5780029296875,262200.,36125.5,15272.,310164.,900.5,550.,50.,0.,150.,2135752.,150.,0.,0.,50.,1851.5,950.5,2552.5,0.,1701.5,
312.6449890136719,265940.,32714.5,17075.5,317864.,1000.5,550.,150.,0.,0.,2134912.,100.,0.,50.,0.,1701.5,1501.,2552.5,0.,2152.,
315.7109985351563,261912.,43801.,17927.5,323120.,850.,200.,0.,100.,100.,2285993.25,150.,0.,0.,350.,1050.5,600.,2252.,0.,2152.,
318.7770080566406,263732.,61273.,24242.,355500.,700.,750.5,0.,0.,100.,1819120.,200.,50.,50.,250.,550.,600.,1901.5,200.,1801.5,
321.843994140625,259446.,94764.,33817.5,321336.,600.,400.,100.,0.,100.,2067155.25,150.,350.,0.,50.,450.,1000.5,1000.5,50.,2352.,
324.9100036621094,265872.,131143.,44604.,338360.,1701.5,200.,0.,0.,350.,1769984.,50.,50.,0.,50.,450.,450.,950.5,0.,2602.5,
327.9760131835938,292902.,129891.,50727.5,262614.,1000.5,350.,150.,0.,100.,1414064.,300.,100.,0.,0.,350.,450.,850.5,250.,3403.5,
331.0429992675781,295026.,135380.,43449.5,256308.,1601.,600.,50.,0.,0.,1641264.,200.,50.,50.,0.,600.,450.,600.,50.,5455.5,
334.1090087890625,290386.,136240.,46611.,246204.,1301.,500.,50.,50.,50.,1760640.,100.,0.,0.,0.,500.,50.,1501.,0.,5255.5,
337.1749877929688,298454.,90134.,33818.,306340.,1201.,350.,150.,0.,200.,1471664.,300.,50.,0.,0.,450.,450.,1000.5,0.,4655.,
340.2420043945313,297690.,91744.,33868.,264896.,900.5,350.,100.,0.,200.,1447296.,100.,50.,0.,100.,1150.5,300.,1751.5,400.,4705.,
343.3080139160156,312648.,90686.,29555.5,289428.,1150.5,600.,50.,0.,0.,1048216.,300.,150.,0.,150.,650.,750.,1050.5,50.,4554.5,
346.375,267626.,33918.,11314.5,168262.,0.,650.,100.,0.,0.,361944.,0.,100.,50.,200.,900.5,850.5,2252.,0.,3053.,
349.4410095214844,259128.,34419.5,13217.5,215558.,800.5,650.,50.,0.,100.,716808.,200.,50.,0.,200.,850.5,1201.,1701.5,100.,3053.,
352.5069885253906,268510.,47665.,16774.5,257986.,700.,700.,0.,0.,0.,1291520.,0.,300.,50.,50.,900.5,1001.,1751.5,100.,3103.,
355.5740051269531,269164.,44804.5,22788.,316600.,450.,400.,50.,0.,100.,1166752.,50.,200.,100.,50.,1301.,1250.5,2652.5,100.,2552.,
358.6400146484375,257844.,34721.,16875.,375944.,850.5,650.,0.,0.,150.,1287152.,250.,250.,0.,0.,1151.,1301.,2552.5,0.,2902.5,
361.7059936523438,261858.,37679.5,17626.5,345744.,950.5,800.5,300.,0.,50.,1600060.75,100.,50.,0.,0.,1300.5,1451.,3053.,100.,2502.5,
364.7730102539063,255162.,39134.5,21535.,351820.,1050.5,450.,0.,0.,150.,1215376.,300.,350.,0.,200.,1701.5,1150.5,2402.,0.,3203.,
367.8389892578125,247236.,34018.5,19731.,278936.,900.5,450.,150.,0.,0.,1379904.875,300.,250.,0.,50.,1301.,1451.,3653.5,0.,2402.5,
370.9049987792969,252386.,43249.,20031.5,336036.,700.,550.,200.,50.,100.,1281296.,100.,0.,100.,300.,1801.5,1251.,3303.,0.,2252.,
373.9719848632813,245224.,33868.,13769.,328328.,950.5,550.,50.,150.,50.,1178512.,50.,100.,50.,50.,1501.,2002.,2402.,0.,2552.,
377.0379943847656,253100.,34971.,17426.,364760.,500.,1050.5,50.,0.,0.,1514464.,250.,150.,0.,150.,1901.5,1251.,2302.,0.,2452.,
380.10400390625,238412.,27700.5,16875.,240510.,500.,600.,50.,0.,100.,546136.,200.,0.,0.,50.,1000.5,750.5,2102.,50.,2452.,
383.1709899902344,214612.,21836.,8760.5,210888.,700.5,800.,300.,0.,0.,373972.,50.,0.,0.,50.,900.5,1050.5,950.5,0.,1551.,
386.2369995117188,210050.,12566.5,6157.,112138.,300.,550.,0.,0.,0.,203232.,50.,200.,0.,150.,900.5,450.,1851.5,0.,1151.,
389.3030090332031,206578.,10163.,3903.5,99897.,100.,950.5,100.,0.,50.,111532.,0.,0.,0.,50.,850.5,450.,1651.5,0.,1151.,
392.3699951171875,204288.,8159.5,3653.5,86764.,250.,700.5,0.,100.,0.,57004.,50.,0.,0.,0.,550.,500.,1701.5,0.,1100.5,
395.4360046386719,202326.,6908.,2752.5,74238.,550.,400.,50.,100.,0.,33516.5,100.,0.,0.,50.,850.5,300.,1351.,0.,1200.5,
398.5029907226563,195528.,5856.,2252.,85101.,400.,100.,50.,50.,50.,18177.5,0.,0.,0.,50.,500.,700.5,1301.,0.,950.5,
401.5690002441406,188494.,4154.,2602.,73736.,200.,200.,0.,0.,0.,7809.5,50.,0.,0.,100.,800.,500.,1101.,0.,850.5,
404.635009765625,176976.,4705.,1701.5,73233.,200.,250.,0.,0.,0.,4204.5,0.,0.,0.,50.,900.5,850.5,1150.5,0.,600.5,
407.7019958496094,182926.,3003.,2352.,72932.,500.,550.,50.,100.,50.,2202.,0.,50.,0.,0.,900.5,950.5,1150.5,100.,800.5,
410.7680053710938,175180.,3703.5,1601.,87315.,200.,450.,0.,50.,0.,1050.5,0.,50.,0.,50.,850.5,650.,1851.5,0.,800.,
413.8340148925781,182670.,5055.5,2452.,82686.,100.,350.,0.,50.,0.,550.,100.,0.,0.,50.,600.,500.,1601.,0.,750.,
416.9010009765625,179706.,4154.,1851.5,77908.,100.,350.,0.,150.,0.,250.,0.,0.,0.,0.,750.5,400.,1351.,100.,500.,
419.9670104980469,176708.,3653.5,2402.,67202.,350.,500.,100.,50.,150.,100.,0.,0.,0.,50.,350.,550.,1601.,0.,700.,
423.0329895019531,172576.,3603.5,1651.5,80776.,50.,550.,50.,0.,0.,200.,0.,50.,0.,100.,950.5,700.5,1601.,0.,700.5,
426.1000061035156,178942.,3503.5,1501.,71725.,50.,750.,0.,0.,0.,50.,0.,0.,0.,50.,850.,450.,1301.,0.,550.,
429.1659851074219,170948.,4004.,2402.,75245.,450.,50.,0.,0.,0.,200.,50.,0.,100.,100.,800.,550.,1100.5,150.,350.,
432.2319946289063,176542.,3453.,2302.,71573.,450.,150.,0.,0.,0.,250.,0.,0.,0.,200.,800.,850.5,1050.5,0.,150.,
435.2990112304688,177984.,3703.5,1451.,69262.,50.,500.,200.,50.,0.,200.,50.,0.,0.,0.,1201.,400.,1200.5,0.,300.,
438.364990234375,178126.,4004.,1701.5,78563.,200.,500.,50.,0.,0.,150.,0.,0.,0.,0.,1100.5,650.,1701.5,50.,700.,
441.4309997558594,176552.,4054.,2202.,73383.,200.,550.,50.,0.,0.,50.,0.,50.,50.,50.,1050.5,400.,1351.,0.,200.,
444.4979858398438,177678.,4654.5,1751.,70016.,300.,500.,0.,0.,0.,100.,50.,0.,0.,0.,600.,350.,1401.,50.,450.,
447.5639953613281,180096.,3353.5,2051.5,74642.,300.,650.,50.,0.,0.,500.,0.,0.,0.,100.,350.,500.,1050.5,0.,450.,
450.6310119628906,186112.,4204.5,1901.5,76401.,350.,450.,50.,0.,0.,1902.,0.,0.,0.,0.,500.,750.,1601.5,0.,700.,
453.6969909667969,181888.,3754.,1701.5,71172.,100.,250.,0.,0.,0.,10012.5,150.,150.,0.,0.,450.,650.,1501.,0.,500.,
456.7630004882813,181110.,3303.,1651.,70519.,150.,450.,50.,0.,0.,40138.,50.,300.,0.,0.,450.,450.,1651.5,0.,250.,
459.8299865722656,188500.,3954.,1250.5,77255.,150.,600.,0.,50.,0.,126755.,150.,250.,200.,50.,850.5,950.5,1551.,0.,900.5,
462.89599609375,198354.,4204.,2602.5,77054.,100.,250.,100.,0.,0.,219916.,100.,400.,50.,0.,1250.5,700.,1251.,0.,650.5,
465.9620056152344,191972.,3253.5,2102.,82133.,150.,550.,200.,0.,50.,278584.,0.,800.5,0.,0.,1200.5,850.5,1451.,0.,350.,
469.0289916992188,209330.,3453.5,3003.,81077.,50.,250.,100.,0.,100.,383024.,100.,500.,200.,0.,800.5,500.,1801.5,50.,350.,
472.0950012207031,209264.,5055.,2502.5,86560.,150.,600.,0.,0.,0.,451940.,400.,550.,0.,50.,1100.5,500.,1150.5,50.,500.,
475.1610107421875,209128.,7258.,3703.5,94410.,350.,600.,50.,0.,0.,492300.,300.,250.,100.,0.,900.5,800.,1201.,0.,500.,
478.2279968261719,225968.,7809.,4905.,99796.,250.,300.,150.,100.,0.,652104.,350.,800.,50.,50.,250.,400.,2252.,50.,500.,
481.2940063476563,235526.,9461.5,4955.,154822.,800.5,650.5,150.,0.,50.,509632.,300.,850.5,0.,150.,200.,750.,1501.,0.,550.,
484.3599853515625,262328.,13769.,5956.5,194270.,150.,700.5,50.,0.,50.,554216.,250.,400.,100.,50.,650.,150.,1601.,0.,700.5,
487.427001953125,257142.,14721.,8911.,218802.,650.,1200.5,150.,0.,50.,554408.,350.,200.,300.,0.,650.,850.5,1301.,0.,1200.5,
490.4930114746094,279802.,15923.,10313.,257376.,550.,600.,150.,0.,100.,478048.,500.,150.,0.,0.,700.5,400.,800.5,0.,1901.5,
493.5589904785156,282752.,16323.5,9511.5,268412.,800.5,300.,200.,100.,0.,484420.,350.,150.,100.,0.,250.,400.,1050.5,50.,1150.5,
496.6260070800781,287018.,23188.5,8410.,319908.,750.5,900.5,250.,0.,0.,398244.,400.,350.,200.,0.,500.,600.,450.,0.,800.,
499.6919860839844,292946.,25093.5,13468.5,298796.,800.5,850.5,150.,50.,50.,217984.,450.,200.,0.,0.,600.,550.,750.5,0.,1050.5,
502.7590026855469,283534.,21484.5,11665.5,295232.,850.,500.,150.,100.,0.,209668.,200.,200.,0.,0.,700.,400.,350.,100.,1200.5,
505.8250122070313,284468.,24492.,12767.,359796.,700.5,300.,250.,0.,50.,189572.,400.,250.,100.,100.,450.,200.,1301.,50.,1701.5,
508.8909912109375,300526.,26647.5,10914.,290444.,1401.,400.,200.,50.,200.,183994.,400.,300.,300.,50.,400.,400.,950.5,100.,1651.,
511.9580078125,279016.,21184.5,13969.5,318336.,950.5,650.,400.,100.,0.,108461.,200.,300.,0.,50.,200.,550.,750.,150.,1701.,
515.0239868164063,263770.,29555.,14871.,373716.,800.5,750.,100.,0.,0.,107607.,250.,500.,0.,50.,400.,450.,1150.5,50.,1501.,
518.0900268554688,307488.,29906.,18278.,267810.,1000.5,550.,0.,50.,100.,89025.,250.,50.,0.,0.,500.,550.,1251.,50.,1000.5,
521.156982421875,266946.,32564.,13418.5,282196.,650.5,250.,350.,0.,0.,107503.,950.5,200.,50.,0.,250.,350.,950.5,0.,2202.,
524.2230224609375,275720.,26096.,14771.,325116.,1100.5,850.5,150.,0.,50.,95517.,650.,250.,100.,0.,600.5,200.,1200.5,0.,1851.5,
527.2890014648438,285008.,30157.,16925.,351840.,900.5,700.5,200.,50.,0.,92857.,450.,150.,100.,100.,250.,450.,950.5,100.,700.,
530.3560180664063,284274.,30207.,13368.5,408676.,1401.,650.,400.,50.,0.,74589.,500.,0.,100.,0.,350.,600.,1201.,0.,1551.,
533.4219970703125,277400.,28803.5,15872.5,356744.,350.,650.,300.,50.,100.,54292.5,300.,100.,0.,0.,650.,300.,1100.5,0.,1901.5,
536.4879760742188,287012.,35974.5,15973.,342572.,1050.5,600.,50.,0.,0.,78009.,500.,100.,0.,100.,550.,500.,1201.,50.,1301.,
539.5549926757813,277906.,30658.,16674.5,369772.,1150.5,300.,50.,0.,100.,69915.,700.,50.,50.,50.,500.,250.,650.,250.,1951.5,
542.6209716796875,286488.,37730.5,18428.5,445204.,1251.,900.5,250.,0.,50.,101207.,250.,150.,0.,0.,800.5,550.,800.5,100.,1150.5,
545.68701171875,255284.,30056.5,16724.5,432564.,550.,600.,150.,0.,200.,57657.5,300.,0.,0.,0.,650.,400.,1251.,0.,1601.,
548.7540283203125,286912.,31812.,16323.5,338536.,1050.5,600.,100.,0.,150.,63835.,750.,250.,0.,50.,600.,450.,1050.5,0.,1401.,
551.8200073242188,253682.,29806.,20432.5,394868.,1150.5,850.5,0.,0.,0.,49171.5,700.5,50.,0.,0.,750.,600.,1501.5,0.,1901.5,
554.8870239257813,271312.,29605.5,12917.,390868.,1101.,550.,0.,100.,50.,52636.,350.,250.,50.,0.,450.,300.,1551.,0.,1701.,
557.9530029296875,284126.,36125.,17927.,459332.,900.,450.,100.,50.,0.,51683.,450.,100.,50.,100.,650.,500.,1501.,50.,2001.5,
561.0189819335938,267354.,28352.,18428.5,471156.,500.,900.5,100.,0.,150.,55949.,350.,0.,0.,100.,750.5,550.5,1401.,0.,2002.,
564.0859985351563,291150.,28201.5,18378.,377428.,1000.5,600.,150.,0.,0.,42998.,350.,200.,100.,50.,450.,900.,1151.,0.,1901.5,
567.1519775390625,267584.,30859.,14219.5,459908.,1801.,1150.5,100.,0.,0.,45559.,450.,250.,0.,150.,750.5,300.,1050.5,0.,1501.,
570.218017578125,282940.,33868.,23038.,469948.,1801.5,450.,150.,0.,0.,46411.5,300.,0.,50.,0.,700.,300.,1551.5,50.,1250.5,
573.2849731445313,281886.,35071.5,17676.5,377448.,1201.,550.,200.,0.,0.,39034.,150.,200.,50.,50.,500.,150.,1050.5,100.,1301.,
576.3510131835938,272610.,30106.5,16825.,478268.,1401.,500.,100.,0.,100.,38432.5,350.,50.,0.,0.,850.,400.,1651.,100.,1351.,
579.4169921875,298440.,29054.,15623.,424292.,800.,550.,50.,0.,0.,24743.,300.,100.,100.,0.,750.5,400.,1301.,50.,1251.,
582.4840087890625,277996.,30608.5,19781.,395600.,850.5,800.5,300.,50.,100.,33266.5,300.,200.,0.,50.,550.,950.5,950.5,0.,2252.,
585.5499877929688,295240.,27349.5,16374.,425972.,1000.5,450.,100.,0.,0.,28201.5,100.,150.,0.,150.,450.,350.,1451.,100.,1551.,
588.6160278320313,288930.,29956.,19130.,472884.,1100.5,250.,50.,0.,100.,27149.,250.,0.,0.,50.,250.,450.,1000.5,0.,2452.,
591.6829833984375,289604.,36526.,18328.,353872.,1301.,800.5,300.,0.,0.,20733.5,100.,0.,0.,50.,700.,650.5,1350.5,50.,2101.5,
594.7490234375,281420.,29756.,9161.5,386896.,1200.5,400.,400.,0.,100.,36526.,50.,0.,0.,100.,650.,500.,1601.,50.,1551.5,
597.8150024414063,262124.,24842.5,16975.,369672.,800.5,600.,300.,0.,0.,14570.5,300.,250.,100.,0.,500.,500.,1301.,0.,1251.,
600.8820190429688,276316.,28252.,17476.,380840.,300.,350.,200.,0.,150.,15171.5,400.,350.,0.,0.,800.,650.5,1751.5,50.,2202.,
603.947998046875,287192.,26547.5,17326.,426740.,950.5,500.,100.,0.,100.,14971.5,350.,100.,0.,0.,500.,350.,1901.5,0.,1902.,
607.0150146484375,283268.,28302.,16875.,407844.,1651.5,400.,300.,0.,0.,16524.,150.,50.,0.,0.,1000.5,350.,2102.,150.,1651.5,
610.0809936523438,297262.,35021.5,18979.5,431552.,1151.,150.,150.,0.,0.,14921.,200.,150.,0.,0.,750.,600.,1801.5,0.,2001.5,
613.14697265625,292534.,36125.,20482.5,386612.,900.5,300.,150.,0.,50.,15372.,450.,0.,0.,0.,800.5,900.5,900.5,0.,1801.5,
616.2139892578125,301288.,35924.,13919.5,430616.,1200.5,400.,300.,50.,50.,23640.,150.,300.,0.,0.,850.,1100.5,1000.5,0.,2402.5,
619.280029296875,323544.,32564.,18528.5,453328.,1851.5,400.,150.,0.,50.,16574.5,400.,50.,0.,50.,450.,450.,1000.5,0.,1301.,
622.3460083007813,283786.,31210.,14520.5,331592.,1651.5,750.5,150.,0.,50.,15121.5,350.,0.,0.,100.,850.5,600.,1801.5,0.,2202.,
625.4130249023438,305646.,30457.5,22086.5,421684.,950.5,700.,400.,0.,0.,15522.,400.,50.,0.,100.,900.5,350.,1000.5,0.,1401.,
628.47900390625,305224.,29906.,18879.,354900.,1100.5,750.5,50.,0.,100.,11064.,400.,50.,0.,50.,950.5,1050.5,1551.5,150.,1200.5,
631.5449829101563,285016.,35523.,18328.,456208.,1251.,850.5,350.,0.,100.,16274.,400.,100.,0.,150.,800.5,900.5,1501.,0.,1000.5,
634.6119995117188,302918.,27349.5,17476.,409548.,900.,250.,50.,50.,0.,12566.5,250.,200.,0.,0.,400.,850.5,1951.5,100.,2102.,
637.677978515625,309192.,25995.5,17175.5,371004.,1151.,600.,200.,0.,100.,13719.,200.,0.,0.,0.,450.,350.,1851.5,50.,1250.5,
640.7440185546875,314054.,31110.,15672.5,401276.,1050.5,750.5,300.,0.,100.,17826.5,400.,100.,0.,50.,350.,700.,1951.5,150.,1551.,
643.8109741210938,306794.,28753.,19530.5,411796.,700.,150.,250.,0.,50.,10113.,50.,150.,50.,100.,1051.,750.5,1901.5,50.,2102.,
646.8770141601563,308844.,33667.5,20031.5,378528.,700.,350.,200.,0.,0.,11615.,150.,0.,0.,0.,1201.,150.,1451.,0.,1801.5,
649.9429931640625,320420.,25745.,18077.,385748.,1000.5,450.,150.,0.,100.,11815.5,450.,100.,0.,50.,600.,400.,1801.5,50.,1551.5,
653.010009765625,307250.,25143.5,16123.5,359868.,600.,400.,50.,0.,100.,11565.5,250.,0.,50.,50.,250.,1151.,1200.5,0.,2102.,
656.0759887695313,298836.,26396.5,14921.5,463612.,1351.,400.,200.,200.,0.,9261.5,150.,50.,0.,50.,1351.,800.,1501.,50.,1701.5,
659.1430053710938,321060.,30207.5,17426.,447384.,900.5,600.,250.,0.,150.,11464.5,400.,0.,0.,0.,700.,550.,2903.,0.,1851.5,
662.208984375,274592.,32864.5,17326.5,344052.,1100.5,450.,150.,50.,150.,12817.,150.,50.,0.,50.,1100.5,450.,1201.,0.,2002.,
665.2750244140625,313070.,27199.,15372.,362556.,1200.5,700.5,50.,0.,200.,7558.5,400.,50.,0.,100.,1151.,850.5,1551.5,0.,1551.,
668.3419799804688,295670.,32714.5,15572.,445272.,1100.5,800.,150.,0.,50.,9511.5,250.,0.,0.,0.,900.,550.,1551.,0.,1701.5,
671.4080200195313,297810.,35071.5,17476.5,381548.,1201.,500.,350.,0.,50.,10513.5,200.,300.,50.,0.,1101.,650.,2252.,0.,1701.5,
674.4739990234375,305666.,30959.5,15171.5,385748.,850.,700.,150.,100.,200.,7559.,450.,50.,0.,0.,650.5,650.,1601.,0.,2402.5,
