Trace for Mass:,Al27(LR),As75(LR),Se77(LR),Se78(LR),Se82(LR),Ag107(LR),Ag109(LR),Cd111(LR),Cd114(LR),In115(LR),Sn118(LR),La139(LR),Nd146(LR),Pb204(LR),Pb206(LR),Pb207(LR),Pb208(LR),Hg200(LR),Kr83(LR)
Resolution:,Low,Low,Low,Low,Low,Low,Low,Low,Low,Low,Low,Low,Low,Low,Low,Low,Low,Low,Low
,,,,,,,,,,,,,,,,,,,
Time,Intensity,Intensity,Intensity,Intensity,Intensity,Intensity,Intensity,Intensity,Intensity,Intensity,Intensity,Intensity,Intensity,Intensity,Intensity,Intensity,Intensity,Intensity,Intensity
[sec],[cps],[cps],[cps],[cps],[cps],[cps],[cps],[cps],[cps],[cps],[cps],[cps],[cps],[cps],[cps],[cps],[cps],[cps],[cps]

2.943000078201294,339932.,15071.5,4404.5,85503.,100.,250.,0.,0.,0.,200.,0.,0.,0.,50.,700.,550.,1901.5,50.,300.,
6.008999824523926,351012.,13769.,4004.,93201.,200.,0.,50.,0.,0.,250.,0.,0.,0.,0.,550.,500.,1451.,50.,800.,
9.076000213623047,355844.,14771.,3603.5,89377.,300.,0.,250.,0.,50.,300.,0.,0.,0.,50.,850.5,350.,1351.,0.,400.,
12.14200019836426,361764.,15772.5,4604.5,95316.,350.,0.,100.,0.,0.,150.,0.,50.,0.,0.,950.5,850.5,1601.,0.,450.,
15.20800018310547,351684.,13969.5,4054.,50777.5,850.5,0.,0.,0.,0.,200.,0.,200.,0.,50.,1000.5,800.5,1651.5,100.,200.,
18.27499961853027,356876.,66550.,30357.5,365728.,900.,0.,100.,0.,0.,500.,300.,0.,0.,100.,1151.,1351.,2952.5,0.,1250.5,
21.34099960327148,555060.,227586.,119898.,812928.,2552.5,700.,100.,50.,150.,483508.,950.5,0.,0.,250.,3353.,2102.,4354.5,0.,4855.,
24.40800094604492,603440.,439196.,164066.,1284560.,5205.5,550.,600.,50.,150.,7208726.,1501.,250.,0.,350.,3653.5,3653.5,6607.5,100.,5405.5,
27.47400093078613,599936.,318120.,113700.,699304.,3503.5,300.,550.,0.,250.,6873169.,1451.5,250.,50.,0.,2752.5,3003.,8961.,100.,7058.,
30.54000091552734,621524.,317932.,130339.,1164704.,4554.5,200.,550.,50.,250.,4728267.5,750.,150.,0.,100.,2252.,1501.,3303.5,0.,6457.,
33.60699844360352,484284.,189718.,85251.,788288.,4154.,300.,350.,0.,50.,2612943.75,700.,50.,0.,150.,1251.,1151.,2152.,50.,3703.5,
36.67300033569336,434800.,177466.,52183.5,520344.,1501.,300.,300.,0.,50.,2118320.,350.,150.,0.,150.,700.5,1451.5,1351.,100.,2903.,
39.73899841308594,444392.,108862.,55949.,389844.,700.,350.,350.,100.,50.,1896303.5,700.5,200.,50.,100.,450.,1000.5,1951.5,50.,1300.5,
42.80599975585938,434260.,127764.,50576.5,459100.,900.5,150.,200.,0.,50.,1732032.75,300.,0.,150.,150.,1451.,1051.,1751.5,50.,2602.5,
45.87200164794922,420936.,116473.,44152.,396636.,1300.5,250.,450.,0.,50.,2004400.,250.,0.,0.,50.,1001.,750.,2752.5,0.,2102.,
48.9379997253418,411980.,123730.,40740.,432008.,1301.,100.,100.,0.,100.,1573648.,250.,0.,350.,0.,500.,750.,1951.5,0.,1751.5,
52.00500106811523,441996.,130639.,44052.,413836.,1000.5,250.,100.,0.,0.,1888416.,600.,0.,0.,100.,650.,600.,1651.,100.,1651.,
55.07099914550781,433060.,132204.,41643.5,333484.,1151.,400.,200.,100.,50.,1797632.,350.,200.,0.,150.,950.5,1000.5,1651.,0.,1751.5,
58.13700103759766,411412.,142042.,47615.,388508.,950.5,250.,50.,0.,50.,1607584.,400.,50.,0.,0.,950.5,1100.5,2502.,50.,1952.,
61.20399856567383,422980.,135433.,37129.,533888.,1451.,400.,100.,0.,50.,2043440.,150.,0.,0.,200.,1351.,750.5,2252.,0.,1651.,
64.26999664306641,413472.,89830.,44203.5,461052.,1050.5,600.,100.,0.,50.,1769068.875,650.,150.,0.,50.,1000.5,700.,1451.,200.,1551.5,
67.33599853515625,433760.,118640.,47013.5,303344.,1601.5,150.,50.,0.,50.,2017913.625,250.,100.,0.,150.,1501.,1151.,2652.,50.,1901.5,
70.40299987792969,425008.,112289.,49824.,367828.,900.5,150.,150.,0.,0.,2326387.5,450.,100.,0.,0.,1401.,750.,1701.5,0.,1701.5,
73.46900177001953,416100.,139570.,41342.,384828.,950.5,300.,150.,0.,0.,1849184.,600.,200.,0.,50.,1000.5,800.5,1701.5,100.,2502.,
76.53600311279297,448716.,108812.,34369.,409716.,950.5,50.,150.,0.,250.,2172937.,550.,0.,0.,50.,900.5,850.5,1501.,0.,2201.5,
79.60199737548828,407064.,105540.,42295.5,287444.,1851.5,700.5,50.,0.,50.,2029836.,100.,100.,0.,0.,1101.,1001.,1851.5,0.,1601.5,
82.66799926757813,425788.,117932.,40891.,396928.,1100.5,350.,100.,0.,150.,2541118.25,100.,50.,0.,300.,900.,1000.5,3003.,0.,1951.5,
85.73500061035156,439084.,124587.,37530.,372452.,1301.,300.,250.,0.,100.,3169384.5,750.5,200.,0.,0.,1000.5,1251.,1801.5,0.,2002.,
88.80100250244141,393804.,103776.,44152.,406936.,1401.,200.,300.,0.,200.,2731559.5,500.,0.,0.,0.,1801.5,1601.5,1701.5,50.,1350.5,
91.86699676513672,408440.,121262.,38984.,344616.,850.5,100.,250.,50.,50.,3111001.25,350.,0.,0.,100.,850.5,1050.5,2101.5,100.,1851.5,
94.93399810791016,418880.,98185.,39436.,368520.,750.5,350.,150.,0.,0.,2407304.5,150.,0.,0.,0.,850.5,600.,1851.5,0.,2052.,
98.,406460.,109820.,28703.,387560.,1101.,50.,250.,0.,50.,3175077.,200.,100.,0.,50.,1451.,800.5,2602.,150.,2151.5,
101.0660018920898,405696.,106344.,38583.,345508.,850.5,300.,100.,0.,0.,2415731.5,0.,50.,0.,0.,900.5,750.,2302.,50.,1851.5,
104.1330032348633,410616.,103826.,38984.5,392812.,850.5,150.,100.,0.,250.,2889434.,250.,250.,0.,150.,1101.,1200.5,1951.5,0.,1851.5,
107.1989974975586,397296.,113250.,45206.,402956.,1100.5,50.,200.,0.,0.,2409820.25,150.,50.,0.,100.,700.,900.5,1951.5,100.,1501.,
110.2649993896484,409024.,99445.,38934.,399520.,1551.5,100.,150.,0.,100.,2877238.5,400.,0.,0.,100.,900.5,900.5,2602.,50.,2052.,
113.3320007324219,415324.,99091.,32915.,416808.,1200.5,100.,300.,50.,0.,2688587.,150.,0.,0.,100.,1301.,1551.,1601.,0.,2202.,
116.3980026245117,396260.,91038.,33918.,416452.,1701.5,200.,100.,0.,0.,3300615.,250.,0.,0.,100.,750.5,1151.,2752.5,100.,1701.5,
119.463996887207,411656.,94763.,39987.5,292584.,450.,150.,200.,0.,0.,2237422.,200.,100.,0.,50.,1651.5,700.,2652.,100.,1551.,
122.5309982299805,407676.,109164.,37228.5,354172.,800.,150.,150.,0.,150.,3037366.,650.5,200.,0.,100.,1551.5,750.,2352.,0.,1901.5,
125.5970001220703,395388.,93151.,37780.,382160.,750.,200.,300.,0.,50.,3029957.75,250.,250.,0.,100.,650.,800.,3403.,50.,1601.5,
128.6640014648438,421740.,96927.,33817.5,440528.,1250.5,100.,200.,0.,200.,3117536.,150.,150.,0.,50.,1001.,1351.,2001.5,0.,2101.5,
131.7299957275391,394752.,95166.,24943.,361324.,600.,350.,100.,50.,100.,2711990.,150.,100.,0.,50.,1551.,1601.5,2902.5,0.,1951.5,
134.7960052490234,393048.,102163.,33617.,461192.,900.5,100.,100.,0.,0.,3012673.25,150.,50.,0.,0.,1651.5,750.5,1451.,0.,2152.,
137.8630065917969,396448.,98238.,27700.5,356428.,1050.5,250.,550.,50.,50.,2841728.,150.,0.,0.,0.,1351.,1351.,2452.,50.,1902.,
140.9290008544922,395740.,94161.,25043.5,368236.,800.5,300.,50.,50.,200.,2317221.5,50.,0.,0.,100.,1000.5,850.5,2302.,0.,2001.5,
143.9949951171875,397352.,82183.,31912.,379564.,1000.5,50.,150.,50.,0.,2358206.25,250.,50.,50.,50.,1251.,600.,2202.,0.,1301.,
147.0619964599609,399168.,75244.,37930.5,329388.,950.5,0.,250.,50.,50.,2545799.,150.,50.,0.,50.,400.,900.5,2302.,0.,1601.5,
150.1280059814453,404352.,80020.,35372.5,374788.,1151.,50.,50.,0.,150.,2200895.25,200.,100.,0.,50.,1551.,850.5,2002.,50.,1701.,
153.1940002441406,403856.,80273.,39235.,278788.,800.,50.,150.,50.,50.,2111017.,0.,50.,50.,50.,1251.,900.5,1901.5,0.,2052.,
156.2610015869141,399240.,89880.,27951.,453684.,1801.5,250.,0.,0.,0.,2699086.,100.,150.,0.,0.,1601.,1150.5,2852.5,50.,2152.,
159.3269958496094,400216.,78917.,34520.,376016.,900.,150.,150.,0.,0.,2467324.,100.,200.,0.,150.,650.5,700.,2702.5,0.,2052.,
162.3930053710938,390668.,111583.,37980.5,389224.,1150.5,50.,200.,50.,0.,2530884.5,150.,50.,0.,100.,1401.,650.,2552.5,50.,1901.5,
165.4600067138672,403700.,100049.,33166.,438076.,1751.5,200.,300.,0.,0.,2530102.,200.,0.,0.,0.,700.,950.5,1951.5,0.,1551.5,
168.5260009765625,401956.,86007.,39887.5,316388.,1000.5,300.,100.,0.,0.,2259303.25,250.,50.,100.,0.,1100.5,400.,1551.,50.,1801.5,
171.5919952392578,388124.,113649.,45607.5,274820.,1201.,150.,200.,100.,50.,1888070.75,200.,50.,0.,50.,400.,650.5,2102.,0.,2251.5,
174.6589965820313,409308.,124940.,45809.,302976.,1301.,250.,0.,0.,0.,1797342.75,100.,0.,0.,0.,300.,250.,1151.,150.,1301.,
177.7250061035156,397740.,138662.,42596.5,240624.,1150.5,50.,50.,0.,0.,1876983.5,50.,50.,0.,0.,1101.,750.5,950.5,100.,1351.,
180.7920074462891,429616.,164480.,48117.,281236.,400.,50.,150.,0.,100.,2054160.,150.,100.,0.,50.,200.,200.,1401.,100.,1901.5,
183.8580017089844,435152.,121361.,35021.5,341716.,900.5,0.,50.,0.,0.,2276208.5,50.,50.,0.,100.,650.,750.,1401.,0.,1151.,
186.9239959716797,438780.,125797.,48518.5,324396.,1050.5,100.,0.,50.,0.,1983081.875,100.,50.,0.,0.,500.5,450.,1351.,50.,1551.5,
189.9909973144531,434948.,115111.,40639.5,255860.,1251.,50.,150.,0.,150.,2124962.5,150.,50.,50.,50.,800.,400.,1251.,0.,2052.,
193.0570068359375,446756.,125243.,37830.5,295188.,900.,50.,0.,50.,50.,2320137.,150.,0.,0.,100.,650.,850.5,1851.5,0.,1801.,
196.1230010986328,444688.,133317.,42697.,327048.,900.5,100.,150.,0.,0.,2390638.25,50.,200.,0.,50.,900.5,800.,2402.5,0.,3253.,
199.1900024414063,423776.,111078.,36828.,325676.,850.,0.,150.,0.,0.,2094272.,100.,0.,0.,50.,1101.,1100.5,2002.,50.,1701.,
202.2559967041016,426956.,120555.,39486.,313020.,850.5,100.,100.,0.,0.,2324629.25,100.,150.,0.,0.,900.5,450.,2051.5,50.,1952.,
205.3220062255859,430536.,91994.,41542.5,309336.,1050.5,150.,0.,50.,0.,2126886.5,100.,50.,0.,150.,1301.,800.,1751.,0.,1401.,
208.3890075683594,421840.,106646.,43199.,306408.,1000.5,100.,0.,0.,100.,2021707.75,100.,50.,0.,0.,1101.,600.,1951.5,0.,1801.5,
211.4550018310547,414864.,114757.,35422.5,289072.,1151.,400.,0.,0.,0.,2284768.,150.,200.,50.,50.,850.,650.,1751.5,0.,1651.5,
214.52099609375,417404.,99646.,39736.5,309312.,900.5,350.,50.,0.,0.,2480928.,250.,0.,0.,50.,700.5,600.,1701.,50.,2001.5,
217.5879974365234,422092.,98538.,40640.5,313776.,750.5,100.,100.,0.,50.,2051602.625,250.,50.,0.,0.,1401.,950.5,1751.5,0.,1701.5,
220.6540069580078,398612.,109416.,35372.5,392828.,1150.5,550.,300.,100.,0.,3280470.,100.,0.,0.,50.,850.5,1351.,2202.,0.,2702.5,
223.7200012207031,394948.,116070.,37379.,378788.,900.5,0.,200.,0.,100.,2262402.25,150.,0.,0.,0.,800.,550.5,2152.,0.,2001.5,
226.7870025634766,396032.,114456.,34670.5,397524.,1050.5,150.,150.,0.,50.,2129318.5,200.,150.,0.,0.,1100.5,900.5,1801.5,50.,1451.,
229.8529968261719,395904.,111834.,37530.,398808.,1050.5,150.,250.,0.,0.,2914228.,300.,0.,0.,50.,1100.5,550.,2252.,50.,1901.5,
232.9199981689453,404736.,103072.,35473.,335792.,900.5,150.,300.,0.,150.,2838700.,350.,50.,0.,0.,950.5,750.,1801.5,0.,1601.,
235.9859924316406,387840.,109669.,39887.,231170.,800.5,100.,0.,0.,50.,2672677.5,150.,100.,0.,100.,1601.,1100.5,2102.,50.,2302.,
239.052001953125,392188.,103624.,37479.,331036.,800.5,200.,300.,0.,50.,2661085.,500.,150.,0.,150.,1251.,950.5,1801.5,0.,1651.5,
242.1190032958984,389960.,83894.,36024.5,345824.,1000.5,150.,200.,0.,0.,2692978.5,0.,100.,0.,0.,1301.,950.5,2001.5,100.,1651.,
245.1849975585938,402136.,89176.,40037.5,351716.,850.5,350.,50.,50.,200.,2298784.,250.,0.,0.,100.,1101.,1201.,1901.5,0.,1451.,
248.2510070800781,393852.,105134.,36174.5,376224.,1251.,50.,50.,0.,250.,2730595.5,300.,50.,50.,50.,1201.,850.5,2402.,100.,1701.5,
251.3179931640625,384408.,105437.,40689.5,316692.,900.5,50.,100.,0.,150.,1819744.,150.,100.,0.,150.,1951.5,700.,2151.5,0.,2201.5,
254.3840026855469,381300.,115112.,32614.,345432.,1201.,0.,50.,0.,0.,2012177.,150.,0.,0.,0.,700.,800.,2252.,0.,2052.,
257.4500122070313,389804.,107955.,33817.5,267798.,1100.5,50.,150.,0.,300.,2059059.75,300.,0.,100.,50.,1501.,750.5,2652.5,0.,1951.5,
260.5169982910156,383280.,113602.,39486.5,317456.,500.,50.,150.,50.,100.,2521584.5,550.,0.,0.,0.,1150.5,1000.5,2552.,200.,1851.5,
263.5830078125,395744.,112691.,27950.5,337260.,850.5,50.,0.,0.,0.,2446920.25,200.,100.,0.,0.,1401.,1501.,2802.5,0.,2302.,
266.6489868164063,393360.,90637.,33466.5,416040.,850.5,150.,200.,0.,100.,2719899.,150.,50.,0.,100.,950.5,1301.,2001.5,50.,1451.,
269.7160034179688,383396.,105185.,33065.,337260.,550.,200.,50.,0.,50.,2194528.,150.,50.,0.,100.,1952.,1251.,3053.,0.,2552.5,
272.7820129394531,401032.,112842.,34069.,317340.,750.,300.,300.,0.,50.,2689322.,100.,200.,0.,100.,850.5,1101.,2702.,50.,1901.5,
275.8479919433594,366844.,101006.,39335.,303176.,1050.5,250.,150.,150.,150.,2533575.5,150.,150.,0.,150.,1250.5,1301.,2302.,50.,1801.5,
278.9150085449219,378540.,81882.,35874.,326336.,700.,400.,150.,0.,50.,2812423.5,350.,100.,0.,50.,1701.5,950.5,1951.5,150.,1951.5,
281.9809875488281,365532.,94008.,33467.5,340960.,750.,200.,250.,150.,0.,1785104.,50.,0.,0.,50.,1150.5,1150.5,2352.,0.,2252.,
285.0480041503906,364872.,61273.,20181.5,232346.,1050.5,150.,0.,0.,50.,1489664.,0.,0.,0.,0.,700.,500.,2352.,50.,1551.5,
288.114013671875,358192.,57707.,23890.5,241630.,550.,100.,100.,150.,0.,2095440.,200.,0.,0.,0.,1751.5,450.,1901.5,50.,1051.,
291.1799926757813,358248.,84850.,18478.,239040.,750.,100.,50.,0.,50.,1640496.,250.,0.,0.,50.,1000.5,1050.5,2853.,250.,1301.,
294.2470092773438,364776.,83592.,30006.5,323516.,850.5,100.,0.,0.,200.,2618368.,50.,100.,0.,100.,2001.5,1000.5,1801.5,0.,1501.5,
297.31298828125,372088.,87616.,32062.5,285018.,350.,0.,200.,0.,100.,2574542.5,100.,0.,0.,100.,1201.,1200.5,2652.5,0.,2402.,
300.3789978027344,376220.,103775.,35974.,345740.,500.,150.,50.,0.,100.,2616840.,150.,50.,0.,0.,1601.5,1100.5,2452.5,50.,1851.5,
303.4460144042969,384336.,98944.,34971.,333328.,1101.,100.,200.,0.,0.,2924573.75,150.,100.,0.,100.,1651.,1051.,3303.,150.,1551.,
306.5119934082031,376648.,93756.,32414.,397652.,700.,50.,100.,100.,50.,2728489.25,750.,100.,0.,0.,1150.5,1401.,2201.5,150.,2252.,
309.5780029296875,362552.,78009.,45759.,360932.,600.,150.,100.,0.,100.,2283799.,250.,50.,0.,300.,950.5,700.5,2652.5,50.,1651.5,
312.6449890136719,362444.,74992.,35472.5,312112.,1201.,100.,300.,0.,0.,2346074.5,100.,100.,100.,250.,1601.,1501.,1901.5,0.,1751.5,
315.7109985351563,381272.,99645.,48067.,359240.,850.,0.,0.,0.,0.,3047195.,150.,0.,0.,0.,1301.,1351.,1451.,0.,1451.,
318.7770080566406,374052.,104886.,46812.,326540.,1351.,150.,50.,0.,0.,2246151.,100.,0.,100.,50.,850.5,850.5,1901.5,150.,2252.,
321.843994140625,369392.,167808.,55095.5,312104.,1351.,150.,50.,50.,0.,2463522.5,150.,50.,0.,100.,1301.,500.,1100.5,0.,1601.5,
324.9100036621094,377056.,176048.,54293.5,346708.,1401.,50.,150.,0.,50.,1661456.,400.,0.,0.,0.,200.,550.,650.,50.,3303.5,
327.9760131835938,407556.,267744.,67302.5,358876.,1051.,150.,100.,100.,0.,1639328.,200.,100.,0.,0.,450.,350.,700.5,0.,3303.,
331.0429992675781,421252.,247468.,71876.,241378.,1901.5,0.,50.,100.,50.,1944343.25,300.,250.,50.,0.,250.,550.,1101.,0.,4504.5,
334.1090087890625,441900.,217728.,66850.5,406600.,1001.,200.,150.,0.,50.,1660176.,400.,0.,0.,50.,550.,350.,1451.,0.,4755.,
337.1759948730469,458012.,193106.,65644.,305476.,1151.,50.,0.,0.,0.,1935936.,250.,300.,0.,0.,500.,600.,1251.,0.,3854.,
340.2420043945313,462192.,178226.,55950.,381596.,1451.,50.,0.,0.,100.,1714480.,400.,250.,0.,200.,1050.5,750.5,1100.5,550.,3503.5,
343.3080139160156,470964.,136844.,48169.,467484.,1401.,350.,250.,50.,250.,1699376.,100.,200.,0.,0.,950.5,850.,2202.,50.,3052.5,
346.375,443412.,91089.,33015.5,220678.,600.,200.,50.,150.,0.,409008.,100.,0.,0.,200.,350.,950.5,1200.5,0.,2252.,
349.4410095214844,407304.,66649.,26948.,177516.,700.5,50.,100.,50.,50.,869176.,150.,0.,0.,0.,800.5,600.,1952.,200.,1901.5,
352.5069885253906,405308.,97030.,34721.,321712.,1050.5,200.,200.,0.,0.,1181184.,200.,50.,0.,50.,1301.,950.5,2051.5,0.,2352.,
355.5740051269531,409444.,99395.,43700.,371572.,1301.,300.,100.,0.,0.,1411760.,150.,0.,0.,100.,1301.,700.5,2602.5,50.,3053.,
358.6400146484375,408248.,107252.,35924.5,379032.,1601.5,150.,50.,0.,0.,1685776.,200.,50.,150.,100.,650.,950.5,1801.5,0.,3053.,
361.7059936523438,407432.,112591.,44804.5,356164.,1101.,0.,100.,0.,100.,1880145.,150.,50.,0.,50.,1100.5,950.5,3353.5,0.,2702.5,
364.7730102539063,396832.,121461.,42446.,340620.,1501.,300.,150.,0.,50.,1744872.,250.,0.,0.,0.,1100.5,1000.5,2802.5,150.,2802.5,
367.8389892578125,397308.,92598.,43851.5,385040.,1200.5,250.,50.,150.,0.,1648048.,200.,0.,0.,150.,1151.,900.5,2502.,0.,2602.5,
370.9049987792969,402856.,112592.,38031.,445992.,900.5,350.,150.,0.,0.,2082192.,500.,50.,0.,100.,1801.5,1601.,3253.,0.,2902.5,
373.9719848632813,384624.,116521.,48518.5,349468.,850.,150.,250.,0.,50.,2158464.,400.,0.,0.,250.,1651.5,1801.5,2702.5,0.,2903.,
377.0379943847656,379124.,104835.,39235.,391180.,1501.,300.,100.,0.,50.,1244096.,300.,50.,50.,0.,1401.,1351.,2352.,50.,3003.,
380.10400390625,345696.,97380.,31962.,259966.,800.,50.,50.,0.,0.,1142880.,250.,0.,0.,50.,950.5,700.,2903.,0.,2752.5,
383.1709899902344,351384.,74339.,30708.5,215652.,600.,0.,550.,200.,0.,577024.,250.,0.,0.,250.,800.5,400.,850.,0.,1751.5,
386.2369995117188,345244.,40639.5,15221.5,149616.,700.,100.,50.,0.,0.,287744.,0.,0.,0.,0.,800.5,800.,900.5,50.,1451.,
389.3039855957031,343208.,32363.,11014.,124033.,250.,0.,100.,0.,0.,155172.,50.,0.,0.,500.5,700.,650.,1351.,0.,1300.5,
392.3699951171875,331236.,25845.5,9912.5,123783.,100.,100.,100.,0.,0.,70770.,0.,0.,0.,0.,400.,450.,1251.,0.,1902.,
395.4360046386719,332740.,21986.,7659.,102465.,500.,0.,200.,50.,0.,36074.5,50.,50.,0.,0.,1101.,600.,900.5,0.,1301.,
398.5029907226563,328024.,18127.5,5556.,90183.,50.,200.,50.,50.,50.,18077.5,0.,0.,0.,100.,700.,550.,1150.5,0.,1050.5,
401.5690002441406,319784.,18027.5,5205.5,95115.,150.,200.,0.,0.,100.,9762.,0.,0.,0.,0.,600.,350.,1451.,100.,1101.,
404.635009765625,317258.,15121.5,4905.,88270.,150.,50.,0.,0.,50.,14069.5,0.,100.,0.,100.,600.,550.,1651.5,0.,850.5,
407.7019958496094,302410.,13719.,5405.5,89176.,150.,100.,0.,0.,50.,5956.5,50.,0.,0.,250.,300.,550.,1050.5,0.,1150.5,
410.7680053710938,308758.,13819.,3753.5,91089.,350.,150.,0.,0.,200.,6357.,50.,0.,50.,0.,600.,250.,1200.5,100.,650.,
413.8340148925781,295586.,12416.5,4505.,95920.,400.,0.,0.,0.,0.,1751.5,0.,0.,0.,0.,600.,750.,1251.,0.,1300.5,
416.9010009765625,307240.,12416.5,4704.5,85302.,200.,0.,50.,0.,0.,1401.,100.,50.,0.,0.,750.,500.,1251.,0.,800.,
419.9670104980469,296274.,13869.,4955.5,86007.,400.,150.,0.,50.,0.,500.,0.,0.,0.,0.,800.5,350.,1301.,0.,500.,
423.0329895019531,299264.,11815.5,4004.,84749.,300.,100.,100.,0.,50.,750.,0.,0.,200.,0.,950.5,1201.,1201.,100.,600.,
426.1000061035156,288792.,10814.,3753.5,84698.,250.,50.,50.,0.,50.,650.,0.,0.,0.,150.,800.5,450.,1451.,100.,900.5,
429.1659851074219,294254.,10513.5,4605.,90937.,150.,0.,300.,0.,0.,300.,0.,0.,0.,100.,400.,300.,1151.,0.,550.,
432.2319946289063,286674.,11314.5,3753.5,89127.,200.,100.,50.,50.,0.,50.,50.,0.,0.,50.,300.,350.,1952.,50.,900.5,
435.2990112304688,275920.,10814.,4003.5,93303.,400.,50.,50.,0.,0.,250.,50.,0.,0.,0.,800.,550.,850.5,0.,900.5,
438.364990234375,286810.,11415.,5806.5,92396.,150.,100.,100.,0.,100.,150.,0.,50.,100.,50.,1050.5,350.,1501.,100.,1301.,
441.4320068359375,289358.,10814.,2652.5,92447.,100.,100.,150.,0.,0.,0.,0.,50.,0.,50.,500.,600.,1051.,0.,700.,
444.4979858398438,293892.,12416.5,3954.,96775.,150.,0.,50.,0.,50.,250.,50.,0.,0.,50.,300.,650.5,1901.5,50.,1200.5,
447.5639953613281,288920.,9712.,3853.5,90235.,0.,150.,100.,0.,0.,300.,50.,0.,0.,50.,500.,550.,700.,0.,700.,
450.6310119628906,284424.,11214.,3653.5,94762.,300.,50.,50.,0.,50.,2752.5,100.,0.,0.,50.,800.5,600.,1451.,0.,650.5,
453.6969909667969,289834.,12867.5,3353.5,90183.,300.,100.,0.,0.,0.,14620.5,0.,100.,0.,0.,650.,700.,1001.,0.,700.,
456.7630004882813,299768.,10714.,4454.5,99143.,300.,300.,100.,0.,0.,57657.,0.,0.,0.,0.,950.5,450.,1501.,0.,650.,
459.8299865722656,298748.,12266.5,3253.,84698.,300.,400.,0.,0.,50.,140276.,100.,50.,0.,300.,550.,1200.5,1751.,100.,700.,
462.89599609375,308516.,13318.,4254.5,89629.,350.,300.,0.,0.,100.,249906.,100.,100.,0.,50.,850.5,700.,1200.5,0.,650.,
465.9620056152344,304998.,12517.,4805.,89076.,350.,100.,50.,0.,0.,378012.,350.,0.,50.,0.,900.5,700.5,2552.,0.,850.,
469.0289916992188,313178.,14871.,5255.5,92246.,400.,100.,200.,0.,50.,492408.,100.,200.,0.,0.,1150.5,1100.5,1851.5,0.,850.5,
472.0950012207031,324080.,18027.5,6056.5,91491.,200.,250.,350.,0.,50.,549504.,300.,200.,0.,50.,1100.5,950.5,1301.,50.,500.,
475.1610107421875,336302.,20733.5,7158.,119294.,300.,750.,300.,0.,50.,663184.,250.,200.,0.,0.,850.5,550.,1851.5,50.,1050.5,
478.2279968261719,350912.,29756.,9311.5,131296.,200.,450.,200.,0.,0.,758512.,250.,200.,0.,150.,700.,750.5,1851.5,0.,700.5,
481.2940063476563,381172.,32163.,13118.,149060.,700.,150.,100.,0.,50.,697928.,300.,200.,0.,150.,600.,450.,2051.5,0.,1151.,
484.3599853515625,400328.,48368.,15873.,213468.,1000.5,250.,50.,0.,50.,811808.,550.,50.,100.,0.,650.,700.,1651.5,50.,1000.5,
487.427001953125,420604.,47765.5,20582.5,226502.,250.,200.,150.,0.,0.,574208.,550.,100.,0.,50.,800.,650.,1751.5,50.,1701.5,
490.4930114746094,387388.,66598.5,26096.,351664.,650.,350.,200.,0.,50.,629568.,650.,200.,0.,50.,300.,250.,900.5,100.,1350.5,
493.5599975585938,435860.,62278.,22286.5,355448.,1150.5,350.,150.,0.,0.,576328.,800.,0.,100.,200.,600.5,650.,1301.,0.,1201.,
496.6260070800781,426680.,86711.,29054.,273968.,700.,100.,200.,50.,100.,399348.,950.5,0.,0.,100.,700.5,650.,1751.5,50.,1701.5,
499.6919860839844,392896.,74992.,28603.,315572.,650.,50.,600.5,0.,50.,381492.,550.,50.,150.,50.,900.5,250.,1000.5,50.,1551.,
502.7590026855469,431960.,87666.,28502.5,291872.,800.,200.,700.,0.,0.,293504.,1200.5,50.,0.,50.,900.5,600.,1301.,150.,1751.,
505.8250122070313,417956.,65895.,31160.5,406200.,1451.,400.,150.,0.,50.,257884.,650.,100.,0.,0.,850.5,800.5,750.,50.,1451.,
508.8909912109375,392380.,82084.,41843.5,438268.,900.5,150.,300.,0.,100.,160984.,1151.,50.,0.,150.,650.,350.,1701.5,0.,1851.5,
511.9580078125,384304.,83843.,30056.5,340984.,1001.,400.,300.,50.,100.,131598.,1250.5,100.,0.,100.,450.,900.5,1951.5,100.,1951.5,
515.0239868164063,391912.,91743.,38733.,348564.,1301.,150.,300.,0.,100.,133873.,350.,50.,0.,100.,900.5,550.,1351.,150.,1050.5,
518.0900268554688,417752.,81681.,35974.5,396912.,900.5,450.,250.,0.,0.,124087.,750.5,100.,50.,250.,1050.5,550.,1801.5,0.,2102.,
521.156982421875,398824.,94410.,37228.5,452760.,1050.5,50.,0.,0.,50.,116118.,750.,100.,150.,200.,800.,200.,1401.,0.,1801.5,
524.2230224609375,407896.,100401.,39787.,488948.,1100.5,0.,250.,100.,50.,105940.,500.,0.,100.,150.,750.,700.,1751.5,50.,1901.5,
527.2890014648438,381980.,110929.,38533.,385560.,1451.,500.,200.,0.,100.,128221.,450.,0.,50.,50.,700.,600.,1401.,50.,2502.,
530.3560180664063,387260.,72076.,37529.,384532.,1451.,200.,400.,0.,200.,78613.,1000.5,0.,0.,0.,950.5,600.,1701.5,0.,2252.,
533.4219970703125,398572.,96323.,33667.,411112.,1150.5,150.,200.,0.,0.,79719.,500.,50.,0.,150.,800.,200.,800.,0.,1701.5,
536.4879760742188,397852.,95972.,37780.,528360.,850.5,200.,200.,100.,50.,75698.,300.,50.,0.,0.,700.,750.5,1901.5,100.,2252.,
539.5549926757813,386524.,100199.,43600.5,536636.,1201.,50.,100.,50.,0.,82284.,950.5,200.,0.,50.,500.,1301.,2002.,100.,2052.,
542.6209716796875,381912.,110223.,46913.,418140.,1000.5,150.,300.,50.,0.,85302.,150.,0.,0.,200.,650.,550.5,1451.,0.,1651.5,
545.68798828125,413868.,89981.,36927.5,439532.,1401.,100.,450.,0.,250.,90889.,550.,50.,0.,150.,1251.,900.5,1451.,50.,2102.,
548.7540283203125,388960.,88824.,35974.,507504.,1150.5,150.,150.,200.,150.,90233.,1451.,100.,0.,100.,850.5,300.,1251.,250.,2001.5,
551.8200073242188,398616.,96172.,38583.,458760.,1301.,200.,400.,100.,50.,85861.,1051.,200.,0.,150.,1251.,500.,1651.,0.,2802.5,
554.8870239257813,391232.,91642.,45407.5,496076.,1100.5,200.,600.,0.,50.,71875.,200.,150.,0.,100.,800.,850.5,1351.,150.,2252.,
557.9530029296875,385636.,122420.,41743.5,456280.,1551.,250.,200.,100.,0.,61678.,200.,150.,0.,0.,600.5,550.,2402.,150.,2001.5,
561.0189819335938,380140.,86358.,32915.,501896.,1050.5,100.,50.,50.,50.,56702.5,700.,200.,0.,0.,750.5,450.,1551.,0.,2002.,
564.0859985351563,393472.,91090.,42998.,456300.,1251.,450.,100.,100.,0.,52484.5,500.,0.,0.,100.,600.,950.5,1751.5,0.,2252.,
567.1519775390625,383984.,91239.,44653.5,475640.,1301.,250.,200.,100.,100.,62579.5,250.,100.,0.,50.,650.,800.,1351.,100.,2502.5,
570.218017578125,412112.,102767.,28703.,588872.,1150.5,50.,150.,50.,200.,40991.5,800.,0.,0.,50.,900.5,600.,1501.,50.,2052.,
573.2849731445313,387492.,94562.,45406.5,567456.,1301.,400.,350.,0.,250.,48217.5,900.5,100.,0.,50.,1151.,900.5,1301.,0.,2852.5,
576.3510131835938,395792.,95315.,43951.,422616.,950.5,300.,450.,50.,150.,44804.5,200.,50.,100.,0.,650.,600.,2552.,0.,2102.,
579.4169921875,397188.,91644.,47715.5,514732.,1601.,350.,400.,0.,50.,43600.,250.,0.,100.,150.,1100.5,650.,1801.5,50.,2402.,
582.4840087890625,374528.,93655.,39536.,538944.,2302.,500.,300.,50.,100.,21434.5,650.,150.,0.,50.,1651.5,1401.,3653.5,50.,2001.5,
585.5499877929688,325848.,62378.5,21635.,317008.,1451.5,250.,200.,0.,0.,20031.5,250.,0.,0.,0.,750.5,650.,1451.,50.,2752.5,
588.6160278320313,373260.,78462.,30608.5,339712.,1050.5,200.,400.,0.,350.,31310.5,200.,50.,250.,50.,900.5,1151.,1501.,0.,2352.,
591.6829833984375,378712.,79769.,28051.,429180.,1751.5,400.,300.,0.,50.,23389.5,200.,50.,50.,0.,900.5,1100.5,1701.,0.,2102.,
594.7490234375,395220.,80725.,47264.5,481732.,1050.5,200.,200.,0.,50.,21585.5,300.,0.,0.,50.,750.,800.5,1250.5,0.,2502.,
597.8159790039063,402768.,88823.,36727.,464952.,1701.5,100.,250.,0.,100.,26647.5,650.,100.,0.,50.,1001.,800.5,2102.,0.,1901.5,
600.8820190429688,405072.,105642.,39385.5,537148.,1350.5,100.,350.,0.,50.,19029.5,600.,0.,0.,150.,850.,1000.5,2502.,0.,2152.,
603.947998046875,387964.,102566.,41242.,548340.,1201.,250.,300.,50.,450.,28151.5,450.,0.,50.,100.,1050.5,600.,2052.,100.,2102.,
607.0150146484375,392288.,110327.,39987.,407648.,1701.,250.,400.,0.,50.,17927.5,400.,0.,0.,0.,800.5,1100.5,2853.,50.,2152.,
610.0809936523438,373964.,100803.,34670.5,459032.,2552.5,600.5,200.,0.,0.,23139.,350.,0.,0.,50.,800.,900.,2702.5,250.,2702.5,
613.14697265625,395552.,106998.,42245.5,489220.,1301.,350.,100.,0.,50.,19330.,150.,0.,0.,250.,1000.5,600.,1951.5,0.,1751.5,
616.2139892578125,380300.,93805.,35221.5,611000.,850.5,50.,200.,0.,50.,22737.5,250.,0.,0.,50.,950.5,700.,2352.,50.,1351.,
619.280029296875,391380.,86710.,44804.5,567352.,1751.5,350.,250.,0.,150.,16774.5,400.,200.,0.,0.,700.,550.,2652.5,100.,1601.,
622.3460083007813,415396.,100552.,41493.,450200.,1501.5,200.,0.,100.,0.,17225.5,550.,0.,0.,200.,1351.,850.5,3353.,150.,3854.,
625.4130249023438,412208.,102617.,42748.,559952.,1251.,150.,200.,50.,0.,15322.,450.,0.,0.,50.,1251.,800.,1701.5,150.,1851.5,
628.47900390625,388956.,83441.,38934.,475940.,1901.5,100.,150.,50.,0.,13318.,450.,0.,0.,50.,800.,1401.,1701.,50.,2652.5,
631.5449829101563,385828.,86107.,33065.5,541584.,1751.,200.,250.,0.,50.,21234.5,500.,0.,0.,100.,700.,800.5,3002.5,100.,2302.,
634.6119995117188,389168.,87164.,34720.5,539908.,1851.5,350.,200.,0.,200.,16574.5,700.,0.,0.,150.,1000.5,1000.5,1651.5,0.,1601.5,
637.677978515625,383668.,102768.,37278.,608832.,1151.,250.,200.,0.,50.,12817.5,300.,0.,50.,0.,1200.5,950.5,2652.5,100.,2052.,
640.7440185546875,374820.,82538.,45808.5,525132.,1901.5,250.,100.,0.,200.,16274.,400.,0.,0.,0.,1101.,1351.,2352.5,50.,1901.5,
643.8109741210938,379532.,69966.,39336.,543104.,1150.5,50.,250.,50.,0.,13569.,300.,0.,0.,200.,1101.,1000.5,1451.,100.,2152.,
646.8770141601563,375668.,88774.,34319.5,565692.,1351.,350.,400.,0.,50.,10864.,400.,50.,50.,100.,750.,950.5,1601.,150.,2652.5,
649.9439697265625,384064.,76502.,34570.,629072.,1351.,400.,300.,0.,0.,14670.5,350.,100.,0.,0.,750.,1200.5,2001.5,50.,1901.5,
653.010009765625,384240.,99445.,43750.5,525876.,1000.5,400.,500.,0.,200.,14420.,500.,50.,0.,50.,1401.,300.,1601.5,0.,2251.5,
656.0759887695313,377332.,94560.,40940.5,569784.,1551.5,600.,250.,100.,0.,8460.,400.,0.,0.,0.,1050.5,700.5,1951.5,200.,1751.5,
659.1430053710938,360612.,81480.,34118.5,405220.,800.,350.,300.,0.,200.,13869.,150.,0.,0.,100.,1000.5,700.5,1301.,0.,2201.5,
662.208984375,373236.,80826.,45306.,408304.,1051.,150.,150.,0.,0.,11264.5,300.,0.,0.,200.,450.,600.,2352.,0.,1801.5,
665.2750244140625,364624.,91642.,40338.5,531936.,1301.,200.,250.,0.,0.,10513.,150.,200.,0.,200.,1301.,950.5,2102.,0.,1151.,
668.3419799804688,379732.,86157.,40639.5,466200.,1050.5,200.,50.,0.,100.,11615.5,150.,100.,0.,100.,1101.,1250.5,1851.5,150.,2251.5,
671.4080200195313,345520.,88976.,31962.,492036.,1401.,150.,200.,100.,200.,7258.5,50.,50.,0.,0.,1050.5,650.,2352.,0.,1551.,
674.4739990234375,390696.,90132.,28552.5,466132.,750.,250.,250.,150.,50.,10162.5,350.,0.,0.,100.,950.5,1100.5,2302.,0.,1100.5,
