Trace for Mass:,Al27(LR),As75(LR),Se77(LR),Se78(LR),Se82(LR),Ag107(LR),Ag109(LR),Cd111(LR),Cd114(LR),In115(LR),Sn118(LR),La139(LR),Nd146(LR),Pb204(LR),Pb206(LR),Pb207(LR),Pb208(LR),Hg200(LR),Kr83(LR)
Resolution:,Low,Low,Low,Low,Low,Low,Low,Low,Low,Low,Low,Low,Low,Low,Low,Low,Low,Low,Low
,,,,,,,,,,,,,,,,,,,
Time,Intensity,Intensity,Intensity,Intensity,Intensity,Intensity,Intensity,Intensity,Intensity,Intensity,Intensity,Intensity,Intensity,Intensity,Intensity,Intensity,Intensity,Intensity,Intensity
[sec],[cps],[cps],[cps],[cps],[cps],[cps],[cps],[cps],[cps],[cps],[cps],[cps],[cps],[cps],[cps],[cps],[cps],[cps],[cps]

2.943000078201294,315460.,8660.5,4254.,81983.,100.,200.,100.,50.,0.,100.,0.,100.,0.,150.,700.,700.,1300.5,0.,650.,
6.008999824523926,317790.,7959.5,3854.,84094.,250.,100.,0.,0.,0.,50.,0.,0.,0.,150.,800.5,900.,1601.5,0.,1651.5,
9.076000213623047,321290.,7909.5,2752.5,88724.,350.,0.,0.,0.,0.,100.,50.,0.,0.,0.,1150.5,800.5,1601.,0.,750.,
12.14200019836426,318650.,6757.5,2852.5,82384.,50.,100.,200.,50.,0.,150.,0.,0.,0.,100.,550.,800.,1451.5,0.,600.,
15.20800018310547,319062.,12817.5,4404.5,93202.,200.,100.,0.,0.,0.,350.,350.,0.,0.,150.,1000.5,1501.,1251.,0.,900.5,
18.27499961853027,364912.,72379.,23941.,598648.,1701.5,300.,200.,100.,100.,3903.5,1000.5,0.,0.,350.,1151.,3303.,4104.,50.,2952.5,
21.34099960327148,503508.,217072.,111080.,1067344.,3904.,600.,700.,100.,150.,1986208.,1701.5,50.,0.,150.,4504.5,4654.5,10062.5,250.,4755.,
24.4069995880127,571148.,254124.,116876.,1482176.,5055.,750.,950.5,50.,350.,8658636.,2052.,250.,0.,150.,4254.,2752.5,4504.5,150.,5405.5,
27.47400093078613,551712.,269174.,107602.,1256608.,5656.,500.,500.,50.,250.,6700816.5,1151.,50.,0.,300.,3253.,2802.5,6707.5,0.,5956.5,
30.54000091552734,499568.,176758.,83492.,806936.,3353.,350.,450.,0.,0.,3126193.5,700.,100.,0.,100.,1651.,1101.,4004.,100.,3703.5,
33.60699844360352,438860.,108711.,34871.5,548768.,1751.5,250.,300.,100.,200.,2430902.5,300.,50.,0.,0.,1751.5,1351.,3303.,50.,2902.5,
36.67300033569336,397228.,93054.,30307.5,495760.,1901.5,150.,100.,0.,0.,2003248.,500.,0.,0.,50.,1100.5,900.5,1801.5,0.,2802.5,
39.73899841308594,381316.,81479.,32965.,538852.,1701.,200.,100.,50.,50.,1824608.,350.,200.,0.,150.,1701.5,1501.,2101.5,50.,2752.5,
42.80599975585938,380472.,79115.,33316.5,446164.,650.,250.,100.,0.,100.,1950240.,200.,100.,0.,0.,1151.,1150.5,2302.,50.,2102.,
45.87200164794922,389996.,61575.,42044.,484208.,900.5,300.,50.,100.,0.,1777632.,250.,100.,0.,50.,1201.,1101.,1601.,0.,1901.5,
48.9379997253418,394524.,91038.,34169.,437708.,1301.,100.,100.,50.,100.,1521504.,200.,100.,0.,300.,1201.,1851.5,2202.,50.,1601.,
52.00500106811523,385532.,70769.,37178.,403980.,1401.,50.,300.,50.,0.,2097536.,200.,100.,0.,0.,800.5,1201.,2802.5,200.,1751.5,
55.07099914550781,395688.,80926.,33768.5,331412.,1201.,50.,200.,0.,50.,1685420.,250.,150.,150.,150.,1601.5,1050.5,2852.5,0.,2252.,
58.13700103759766,388368.,73636.,32513.5,375556.,1501.,0.,250.,0.,50.,1780064.,300.,0.,0.,0.,1101.,800.5,3803.5,0.,1701.5,
61.20399856567383,382156.,71674.,33417.,355860.,1051.,200.,50.,0.,0.,2144768.,350.,50.,0.,200.,1601.,800.,2602.5,0.,2952.5,
64.26999664306641,387532.,71674.,31862.,442532.,1701.5,300.,200.,100.,0.,2026211.25,250.,0.,100.,0.,1851.5,1301.,2502.,0.,2853.,
67.33599853515625,369232.,75395.,33266.,434168.,1151.,50.,50.,50.,150.,1971923.,350.,0.,0.,150.,1551.,2051.5,2652.5,0.,1501.,
70.40299987792969,382500.,58661.5,28151.5,362468.,1201.,100.,50.,50.,150.,1901897.5,500.,0.,0.,150.,1701.,650.5,2802.5,50.,1901.5,
73.46900177001953,378668.,57807.5,23740.,345356.,1001.,150.,100.,50.,100.,2328183.,300.,200.,0.,0.,1100.5,1401.,1951.5,0.,1951.5,
76.53500366210938,380032.,56703.,31260.5,411560.,800.,100.,250.,0.,50.,1874906.25,350.,100.,0.,100.,2002.,1050.5,1952.,0.,1601.5,
79.60199737548828,365524.,64589.,33918.,372076.,600.,200.,200.,0.,150.,2318528.,150.,50.,0.,100.,1201.,1651.,2001.5,150.,1501.,
82.66799926757813,384128.,73686.,26346.5,374632.,850.,200.,100.,0.,100.,2654338.,150.,50.,0.,150.,1551.,1801.5,4454.5,0.,1701.5,
85.73500061035156,373028.,59566.,37329.,415952.,900.5,250.,250.,0.,50.,2060784.,100.,200.,0.,100.,950.5,1451.,4254.,0.,1801.5,
88.80100250244141,367604.,60821.5,28201.5,427328.,1050.5,200.,150.,150.,0.,2611427.,350.,0.,100.,50.,1551.,1401.,2202.,50.,900.5,
91.86699676513672,381636.,72630.,27901.,344308.,550.,0.,100.,0.,100.,2619266.5,150.,150.,50.,300.,1751.,750.,4004.5,0.,1801.5,
94.93399810791016,368716.,77104.,26096.,333688.,900.5,250.,200.,50.,150.,2455941.5,50.,0.,50.,0.,1151.,1000.5,3453.5,0.,1851.5,
98.,375000.,71373.,27449.5,391736.,1051.,50.,50.,0.,0.,2881437.,200.,150.,0.,100.,850.5,700.,2752.5,0.,1951.5,
101.0660018920898,375928.,51681.5,23941.,380884.,1701.,150.,150.,0.,150.,3422285.75,100.,200.,0.,150.,1551.,1000.5,2202.,50.,1701.,
104.1330032348633,368176.,66146.5,25594.5,305332.,700.,200.,200.,50.,250.,2054468.75,550.,150.,0.,150.,1401.,1051.,1801.5,0.,1501.5,
107.1989974975586,366208.,70317.,25093.5,340524.,600.,350.,250.,100.,0.,3033277.75,200.,0.,50.,50.,1251.,1200.5,3053.,100.,1401.,
110.2649993896484,367632.,63986.,24040.5,315120.,1000.5,100.,0.,0.,150.,2428957.,550.,100.,50.,200.,850.5,1952.,1801.,50.,1551.,
113.3320007324219,371076.,59816.5,26447.,318380.,1051.,200.,250.,0.,50.,2797365.5,400.,0.,0.,150.,1901.5,1150.5,2452.,0.,2151.5,
116.3980026245117,377656.,51782.,25695.,317312.,600.,50.,200.,0.,150.,2361504.,200.,100.,0.,0.,1701.5,1401.,3053.,0.,1601.,
119.463996887207,377184.,56501.5,22587.5,403980.,500.,250.,100.,0.,0.,2298397.5,150.,250.,0.,50.,1401.,1000.5,2002.,0.,2001.5,
122.5309982299805,347212.,65544.,25895.5,247620.,500.,50.,150.,50.,0.,2581861.,350.,0.,150.,50.,1601.5,1251.,2001.5,0.,1951.5,
125.5970001220703,361268.,63483.5,25695.,312256.,750.,300.,100.,0.,150.,2320268.,250.,100.,0.,50.,750.5,850.,2802.5,50.,2702.5,
128.6629943847656,365160.,71122.,23339.,297880.,1101.,100.,200.,0.,50.,2548942.75,150.,50.,0.,0.,2001.5,1200.5,2252.,0.,1451.,
131.7299957275391,360192.,59766.5,21434.5,431248.,1100.5,100.,200.,50.,50.,2196900.,100.,0.,0.,150.,1301.,1000.5,3453.,50.,2052.,
134.7960052490234,370452.,51129.,21485.,293916.,850.5,250.,200.,50.,0.,1998740.,100.,0.,0.,0.,2302.,1251.,3303.5,0.,1701.,
137.8630065917969,346584.,56401.5,21334.5,332156.,600.,250.,350.,50.,50.,2928609.5,250.,50.,0.,50.,1200.5,800.5,2652.5,0.,1851.5,
140.9290008544922,336688.,60821.5,25194.,358084.,700.,250.,100.,0.,0.,1968561.75,50.,0.,0.,50.,1050.5,1651.,2502.,0.,2202.,
143.9949951171875,347652.,56100.5,24041.,260424.,600.,0.,100.,0.,0.,1865028.125,150.,0.,0.,100.,1101.,1301.,3353.,0.,1351.,
147.0619964599609,347068.,61424.5,27700.,305276.,1000.5,50.,50.,0.,0.,2438088.5,200.,200.,50.,50.,1351.,1201.,2552.,50.,1701.5,
150.1280059814453,342336.,54845.,27500.,322208.,950.5,350.,0.,100.,100.,2324704.,250.,100.,0.,0.,800.5,1701.,2852.5,0.,1701.5,
153.1940002441406,350008.,61826.,27249.,314196.,1150.5,150.,50.,0.,0.,2410476.5,100.,50.,50.,100.,1251.,850.5,2302.,0.,1601.5,
156.2610015869141,353708.,75797.,20883.5,269122.,1501.,100.,50.,0.,150.,2467616.,150.,0.,100.,100.,1351.,1601.,2352.5,150.,1451.,
159.3269958496094,361320.,52735.5,23189.5,306920.,1401.,50.,0.,0.,100.,2372977.5,50.,0.,100.,150.,1601.,1651.5,2902.5,0.,1551.,
162.3930053710938,360004.,62026.5,20132.,348752.,1200.5,150.,50.,0.,200.,2403446.75,250.,50.,0.,50.,2001.5,1351.,2352.,50.,2202.,
165.4600067138672,339892.,59716.,21485.,305676.,1051.,50.,300.,0.,50.,2272063.75,150.,150.,0.,150.,2202.,650.,3403.5,0.,1150.5,
168.5260009765625,338920.,70972.,27450.,332916.,650.,100.,500.,0.,50.,2372051.,200.,150.,0.,100.,1000.5,1200.5,2602.5,0.,1301.,
171.5919952392578,349044.,109419.,39285.,302320.,1050.5,200.,150.,0.,50.,2781590.5,150.,150.,50.,0.,850.5,750.,2552.5,0.,1151.,
174.6589965820313,356504.,100102.,28252.,270796.,750.,100.,200.,0.,0.,2226016.,0.,250.,0.,100.,900.5,350.,1151.,0.,1551.5,
177.7250061035156,363648.,97380.,35473.,345584.,1000.5,100.,50.,0.,100.,1961631.5,0.,0.,0.,0.,950.5,600.,1601.5,200.,1401.,
180.7910003662109,361932.,107553.,45808.5,300276.,1000.5,300.,0.,0.,100.,2311215.5,50.,100.,0.,0.,500.,350.,1551.,50.,2052.,
183.8580017089844,358416.,108610.,34069.,311756.,850.,50.,250.,0.,0.,1690880.,0.,50.,0.,0.,600.,750.5,1250.5,0.,1501.,
186.9239959716797,377704.,104631.,36425.5,299868.,1551.,150.,0.,0.,0.,1957997.875,150.,50.,0.,0.,1200.5,800.5,2152.,150.,1701.5,
189.9909973144531,379248.,106595.,33416.5,295408.,850.,0.,50.,0.,50.,1712030.5,400.,150.,0.,0.,600.,850.,1951.5,50.,2001.5,
193.0570068359375,392612.,92648.,32513.5,258548.,1401.,350.,0.,0.,50.,2218568.,100.,150.,0.,100.,800.,500.,1501.,0.,1801.5,
196.1230010986328,384660.,94812.,34319.5,272576.,1551.5,50.,100.,0.,150.,2068573.25,50.,200.,100.,100.,1201.,650.,1401.,50.,1551.,
199.1900024414063,375980.,104582.,34971.,314500.,650.,200.,300.,0.,100.,2248441.,0.,150.,0.,50.,1301.,900.5,2202.,100.,1651.5,
202.2559967041016,370432.,74691.,35122.,334704.,700.,250.,50.,0.,50.,2637056.,150.,0.,0.,0.,550.,1100.5,3153.,50.,2102.,
205.3220062255859,375736.,81933.,36025.,288204.,350.,50.,50.,0.,200.,2178496.,100.,150.,0.,150.,750.,1100.5,1100.5,50.,1751.5,
208.3890075683594,364572.,73132.,30107.5,296872.,900.5,200.,200.,0.,0.,2453472.,50.,50.,0.,50.,850.5,950.5,1601.5,0.,2402.,
211.4550018310547,362768.,83391.,27851.,306804.,500.,50.,250.,0.,0.,2112928.5,150.,150.,50.,50.,1101.,650.,1651.,100.,2252.,
214.52099609375,358376.,75696.,27249.,367900.,750.5,100.,100.,100.,0.,2031472.,150.,250.,0.,0.,1201.,1000.5,2803.,100.,2152.,
217.5879974365234,367544.,87868.,33466.5,317764.,350.,150.,150.,0.,50.,2081705.,150.,0.,0.,50.,950.5,850.5,1451.,150.,1701.,
220.6540069580078,362344.,74741.,33366.5,309764.,550.5,350.,150.,50.,0.,2270853.,50.,300.,0.,350.,1301.,750.,2152.,0.,1501.5,
223.7200012207031,358604.,73284.,32815.,331644.,350.,350.,300.,0.,250.,2292258.,250.,50.,50.,200.,650.,950.5,2302.,150.,1451.,
226.7870025634766,357744.,82938.,32163.,292084.,750.5,0.,100.,0.,150.,2360288.,400.,200.,50.,50.,1150.5,1201.,2352.,100.,1801.5,
229.8529968261719,364496.,76098.,26497.,295568.,550.,200.,100.,0.,0.,2431168.,100.,100.,0.,100.,1751.5,1351.,2752.5,0.,2051.5,
232.9190063476563,362764.,68558.,28452.,382184.,1101.,200.,200.,0.,0.,2496695.5,150.,150.,0.,250.,1351.,800.5,2502.5,150.,1351.,
235.9859924316406,352308.,81029.,25093.5,290504.,500.,50.,200.,50.,0.,2912384.,200.,250.,100.,0.,1801.5,1351.,1951.5,0.,1601.5,
239.052001953125,366896.,74439.,30808.5,298492.,1301.,250.,250.,100.,50.,2977135.,100.,100.,50.,0.,1151.,1150.5,2552.,0.,1851.5,
242.1190032958984,342068.,75545.,30107.,326500.,1101.,250.,50.,50.,150.,2228008.5,50.,0.,0.,0.,1601.,750.5,2502.,0.,1801.5,
245.1849975585938,363216.,85503.,25845.5,271364.,600.,150.,100.,50.,50.,2339189.25,200.,150.,100.,0.,1051.,800.5,3603.5,0.,2352.,
248.2510070800781,356944.,69413.5,21885.5,307676.,550.,100.,100.,0.,250.,2406400.,150.,100.,50.,50.,900.5,1101.,2702.5,50.,2702.5,
251.3179931640625,346988.,79870.,28502.5,298440.,900.,450.,100.,0.,200.,2378702.5,100.,50.,0.,150.,1301.,850.5,1951.5,0.,1901.5,
254.3840026855469,354732.,64890.5,28252.5,322152.,1000.5,200.,250.,0.,100.,3105760.,250.,100.,0.,100.,1301.,1601.,2101.5,0.,2302.,
257.4500122070313,351544.,83944.,29354.5,271712.,850.5,50.,350.,0.,50.,2297608.,200.,150.,0.,150.,1150.5,1000.5,2402.,0.,1701.5,
260.5169982910156,363864.,91793.,30508.,310984.,400.,100.,200.,0.,150.,2710761.5,300.,100.,0.,100.,1000.5,1201.,2101.5,150.,1351.,
263.5830078125,348640.,70568.,25845.,298748.,1150.5,100.,250.,0.,50.,2816254.5,600.5,0.,100.,0.,950.5,1651.5,2402.,0.,2152.,
266.6489868164063,347000.,74640.,23439.5,324852.,700.,300.,200.,0.,250.,2471102.5,200.,0.,0.,400.,1551.,1200.5,2402.5,50.,1601.,
269.7160034179688,344996.,74842.,27800.5,389392.,1001.,0.,250.,50.,150.,2991590.5,50.,0.,0.,100.,1751.5,1150.5,2002.,0.,1551.,
272.7820129394531,342372.,62228.,33567.,301912.,1301.,50.,100.,0.,0.,2447442.25,350.,150.,0.,50.,900.5,1501.5,2302.,100.,1200.5,
275.8479919433594,350088.,81832.,26296.5,408036.,800.5,250.,200.,50.,300.,2140123.,250.,0.,50.,100.,1951.5,1251.,2302.,0.,1851.5,
278.9150085449219,359964.,68106.,22287.,360984.,850.5,100.,250.,0.,0.,3434065.5,100.,50.,150.,50.,1601.,1351.,3053.,0.,1551.5,
281.9809875488281,361492.,52635.,20933.5,231126.,1151.,150.,200.,0.,50.,1540048.,150.,0.,0.,50.,1951.5,1201.,2752.5,50.,1401.,
285.0469970703125,344444.,48569.,17526.,193760.,500.,0.,250.,0.,50.,1906864.,50.,50.,200.,150.,1051.,1001.,2502.,50.,1151.,
288.114013671875,345532.,49121.,21385.,269738.,900.5,200.,50.,200.,50.,1886256.,100.,50.,0.,50.,1551.5,800.5,2602.5,100.,1851.5,
291.1799926757813,340048.,54141.5,20833.5,291008.,450.,450.,350.,50.,150.,1969139.125,100.,150.,0.,50.,1351.,1751.5,2902.5,50.,1100.5,
294.2470092773438,346924.,53639.5,24241.5,284856.,950.5,150.,200.,0.,50.,2387349.5,100.,100.,0.,150.,1751.5,1951.5,2652.5,0.,1250.5,
297.31298828125,350316.,70920.,28603.,371672.,950.5,150.,0.,100.,0.,2622133.5,400.,100.,50.,100.,1701.,1551.,4054.,0.,1201.,
300.3789978027344,349116.,70821.,26347.,297220.,650.,400.,150.,0.,0.,2668896.,450.,100.,0.,150.,1251.,1501.,2652.5,0.,1301.,
303.4460144042969,369832.,69563.,30006.5,394780.,1301.,150.,0.,50.,0.,2533823.5,200.,0.,0.,150.,1601.,1901.5,3653.5,0.,2702.5,
306.5119934082031,359664.,66347.,30156.5,356472.,1000.5,100.,150.,0.,0.,2809964.5,600.,100.,0.,0.,1451.,1351.,2903.,0.,1501.,
309.5780029296875,345404.,76802.,24943.,356008.,1000.5,100.,100.,100.,50.,2428032.,450.,200.,0.,0.,1251.,1150.5,3403.5,150.,1801.5,
312.6449890136719,371920.,64287.5,26346.5,337364.,950.5,300.,200.,50.,50.,2380128.,250.,100.,0.,0.,1651.5,800.5,2252.,0.,2001.5,
315.7109985351563,337744.,94359.,30708.5,311236.,800.5,50.,100.,100.,0.,1850395.125,150.,300.,0.,0.,1050.5,750.5,1801.5,0.,1851.5,
318.7770080566406,334824.,116269.,44955.,333536.,1351.,200.,150.,0.,50.,2549697.,150.,150.,0.,50.,1101.,300.,900.5,0.,1801.5,
321.843994140625,337996.,152950.,72077.,320060.,2052.,200.,200.,100.,100.,1970211.5,200.,150.,0.,50.,350.,450.,1251.,100.,3203.,
324.9100036621094,365644.,181110.,54091.5,299706.,1501.,300.,250.,100.,50.,1973877.25,50.,350.,50.,0.,150.,300.,650.,50.,3653.5,
327.9760131835938,388964.,207286.,65995.5,294268.,1701.5,150.,250.,50.,50.,1916928.,50.,500.,0.,50.,550.,150.,1050.5,0.,3253.5,
331.0429992675781,415548.,169020.,60067.5,307616.,1551.5,0.,250.,0.,0.,1617184.,200.,200.,0.,0.,500.,600.5,850.5,0.,4354.5,
334.1090087890625,426264.,164320.,59717.,323532.,1200.5,150.,200.,100.,50.,1623280.,500.,100.,50.,50.,550.,500.,1051.,0.,4755.,
337.1749877929688,423148.,157848.,57355.5,337408.,1301.,500.,150.,100.,50.,1274704.,150.,100.,50.,0.,800.,550.,1801.5,50.,4604.5,
340.2420043945313,429628.,115009.,58711.5,322712.,1601.,550.,100.,0.,150.,1503136.,50.,100.,0.,50.,1050.5,550.,1301.,0.,4154.,
343.3080139160156,423564.,131800.,51179.,348344.,750.5,250.,50.,0.,100.,982168.,350.,150.,0.,50.,650.,550.,1701.5,0.,3503.5,
346.375,401940.,51530.5,20031.5,135634.,400.,100.,0.,0.,0.,408808.,0.,100.,50.,200.,950.5,850.5,1601.,0.,2852.5,
349.4410095214844,377512.,54442.5,22688.,249412.,1101.,100.,0.,0.,0.,800512.,200.,0.,50.,100.,1201.,1000.5,1651.5,50.,2252.,
352.5069885253906,391808.,60821.,25394.5,290768.,1051.,100.,200.,50.,100.,1566912.,100.,0.,0.,200.,1451.,950.5,2602.5,50.,3303.5,
355.5740051269531,371756.,92196.,37730.,303440.,900.5,100.,100.,50.,50.,1479152.,300.,50.,0.,50.,1000.5,1801.5,1651.5,150.,3553.5,
358.6400146484375,375568.,88422.,36826.5,382720.,1150.5,200.,200.,100.,50.,1746608.,350.,0.,150.,250.,750.,1801.5,3153.,0.,3704.,
361.7059936523438,383164.,92648.,30257.5,405796.,950.5,300.,150.,0.,100.,1716672.,150.,0.,0.,0.,950.5,1100.5,4054.,0.,2852.5,
364.7730102539063,359892.,86309.,31912.,372636.,1451.,200.,50.,0.,0.,1569696.,200.,0.,0.,50.,650.,1401.,3353.,0.,2602.,
367.8389892578125,367224.,75997.,34269.,464032.,900.5,500.,200.,0.,0.,1572339.,100.,100.,0.,100.,1751.5,900.,2402.,50.,2151.5,
370.9049987792969,368248.,71423.,24492.,379208.,750.,350.,200.,0.,100.,1645280.,200.,0.,0.,0.,1301.,1701.5,3203.,0.,2352.5,
373.9719848632813,360964.,100048.,31059.5,392864.,900.5,200.,50.,50.,50.,1465296.,100.,0.,50.,150.,1851.5,1601.5,2102.,0.,2852.5,
377.0379943847656,352504.,76753.,33416.5,305064.,950.5,100.,150.,0.,50.,972064.,200.,0.,0.,250.,2151.5,1401.,3153.,0.,2752.5,
380.10400390625,331848.,66046.5,24592.5,259364.,550.,500.,150.,50.,200.,962928.,300.,0.,0.,50.,900.5,1151.,2202.,0.,1851.5,
383.1709899902344,318168.,39435.5,14470.,189862.,500.,200.,0.,0.,50.,354632.,50.,0.,0.,50.,1250.5,750.,1100.5,0.,2402.,
386.2369995117188,322168.,30358.,10062.5,148908.,500.,100.,0.,0.,0.,223054.,300.,0.,0.,100.,750.5,300.,1250.5,50.,1200.5,
389.3030090332031,312388.,22186.,6207.,113246.,50.,150.,150.,0.,0.,116473.,0.,150.,0.,150.,1000.5,650.,1350.5,0.,800.,
392.3699951171875,316090.,16173.5,7108.,98941.,550.,100.,100.,0.,0.,60218.5,50.,100.,0.,0.,750.,500.,1351.,0.,1401.,
395.4360046386719,306258.,14169.5,4204.,89127.,350.,50.,0.,0.,100.,29405.,50.,200.,0.,50.,750.,400.,1651.5,0.,700.,
398.5029907226563,294496.,13017.5,4104.,85603.,250.,50.,0.,50.,0.,12516.5,50.,0.,50.,0.,850.5,250.,1351.,50.,1151.,
401.5690002441406,295458.,10263.,3103.,96020.,150.,200.,50.,150.,0.,5456.,0.,0.,0.,100.,950.5,650.5,1601.5,0.,950.5,
404.635009765625,295702.,11114.5,3253.5,83996.,350.,350.,50.,0.,0.,2502.5,0.,0.,0.,50.,900.5,700.5,1901.5,0.,800.,
407.7019958496094,285846.,10163.,2803.,88270.,100.,50.,50.,0.,0.,1451.,100.,100.,0.,0.,650.,700.,1751.,50.,900.5,
410.7680053710938,286330.,9512.,2903.,83745.,300.,0.,250.,0.,100.,350.,0.,0.,0.,150.,750.,350.,1701.5,0.,550.,
413.8340148925781,287502.,8360.,4705.,90484.,150.,0.,100.,0.,50.,550.,0.,0.,0.,50.,900.5,450.,1051.,0.,1551.,
416.9010009765625,299836.,9111.5,3803.5,86510.,100.,200.,0.,0.,0.,550.,0.,0.,0.,150.,650.,750.5,950.5,0.,900.5,
419.9670104980469,278090.,7208.,4404.5,88271.,150.,150.,150.,0.,150.,300.,200.,0.,50.,150.,1000.5,200.,1651.5,0.,700.5,
423.0329895019531,277040.,7909.,4154.5,87063.,200.,350.,100.,0.,100.,150.,0.,0.,50.,100.,800.,800.5,1651.5,0.,1101.,
426.1000061035156,276328.,8059.5,3403.5,91744.,350.,50.,0.,0.,0.,250.,0.,0.,0.,50.,650.,600.,1952.,0.,500.,
429.1659851074219,266202.,9612.,5205.5,156288.,200.,150.,0.,0.,0.,100.,0.,0.,0.,100.,550.,750.,1100.5,50.,1000.5,
432.2319946289063,281230.,8410.,3253.,75897.,150.,250.,50.,100.,0.,100.,0.,0.,0.,50.,600.,800.,1451.,0.,900.5,
435.2990112304688,279004.,8860.5,3503.5,82485.,300.,150.,0.,0.,0.,150.,100.,0.,0.,100.,550.,800.5,700.,50.,650.5,
438.364990234375,279688.,7559.,3253.,78412.,300.,150.,200.,0.,0.,100.,0.,50.,50.,150.,950.5,650.,1551.,100.,750.,
441.4320068359375,289346.,8260.,2252.,88573.,300.,200.,100.,0.,50.,50.,50.,0.,0.,50.,1150.5,750.5,1651.5,0.,800.5,
444.4979858398438,285524.,7709.,4404.5,86660.,350.,300.,0.,0.,0.,250.,50.,400.,0.,50.,750.,750.,1701.5,0.,700.,
447.5639953613281,278952.,8610.5,3553.5,82889.,300.,150.,0.,50.,0.,1301.,0.,1451.,50.,0.,850.5,600.,1501.,0.,700.,
450.6310119628906,281654.,7909.5,4154.,94108.,350.,250.,50.,50.,250.,1851.5,0.,3754.,300.,150.,1201.,1101.,2102.,50.,600.,
453.6969909667969,283270.,8510.5,3002.5,89984.,150.,350.,500.,350.,400.,11314.5,100.,11114.5,1801.5,250.,1651.5,1651.5,3403.5,150.,700.,
456.7630004882813,288918.,10012.5,3052.5,89276.,100.,500.,600.,450.,2252.,53941.,0.,26296.5,3303.,250.,4004.,2803.,8410.,0.,700.,
459.8299865722656,294562.,7909.,2903.,80323.,450.,300.,1251.,1201.,2602.,174434.,150.,50175.,4454.5,600.5,6657.5,6557.,14620.5,0.,300.,
462.89599609375,300390.,8961.,4254.,88573.,450.,1701.,2001.5,2352.,4354.5,244928.,150.,69564.,7008.,550.,8710.5,7959.,17225.5,50.,450.,
465.9620056152344,307936.,10112.5,4554.5,90787.,400.,2302.,1601.,2452.,4805.,338900.,50.,72982.,6857.5,750.5,12116.,9361.5,22136.5,0.,900.5,
469.0289916992188,317016.,11515.,5105.5,98188.,350.,2953.,2001.5,4204.,6156.5,483328.,200.,78512.,9562.,900.5,13618.5,10864.,25043.5,0.,800.5,
472.0950012207031,336312.,13869.,6056.5,110575.,400.,3403.,2602.,3153.,6908.,587544.,200.,83542.,11314.5,850.5,14570.5,11365.,29505.5,50.,950.5,
475.1610107421875,347236.,17376.,7559.,107050.,250.,4154.,3453.5,4905.,7108.,705616.,250.,74640.,9011.,850.,14170.,12567.,26998.5,0.,1050.5,
478.2279968261719,381456.,19430.,7108.,129982.,350.,3003.,2202.,3403.5,4454.5,735296.,200.,76802.,10413.5,850.5,13168.,12516.5,24793.,0.,1651.5,
481.2940063476563,391244.,30508.,12266.5,146182.,250.,3002.5,1451.5,2502.,4905.,707512.,200.,67252.5,7859.,750.5,13418.5,11114.5,25845.5,100.,1501.5,
484.3599853515625,421908.,36225.5,11215.,204956.,650.,2752.5,2202.,2202.,4704.5,607048.,250.,55447.5,8610.5,700.,11415.,8810.5,21635.,50.,650.,
487.427001953125,488236.,36326.,16123.,280382.,700.,2502.5,1501.,2002.,4905.,729736.,550.,46611.5,9912.,950.5,8460.,7108.5,15773.,50.,2101.5,
490.4930114746094,461128.,49472.,17927.,233504.,400.,1201.,950.5,1451.,4704.5,697880.,250.,37680.,5556.,550.,6557.5,5205.5,12116.5,200.,1501.,
493.5599975585938,434736.,53840.,18679.,328840.,600.,1851.5,500.,1351.,2352.,427036.,550.,30458.,3553.5,350.,5155.5,4154.,10313.,50.,2201.5,
496.6260070800781,444124.,53438.,22737.5,284088.,800.,1401.,1251.,850.5,2352.,442328.,650.,26296.5,2602.,0.,3954.,3653.5,8410.,100.,2302.,
499.6919860839844,467752.,64238.5,22086.5,269246.,950.5,950.5,650.,1001.,1651.,280530.,150.,20733.5,1951.5,400.,2902.5,2802.5,6056.5,0.,1401.,
502.7590026855469,441896.,61172.5,22888.,381928.,600.,800.,900.5,450.,2051.5,274220.,500.,14871.,1501.,200.,2302.,1651.,5956.5,150.,1751.5,
505.8250122070313,461696.,55095.5,22487.5,349216.,650.,1051.,300.,500.,750.,170484.,700.5,11715.5,1751.5,100.,2952.5,1201.,4504.5,0.,1901.5,
508.8909912109375,485936.,62429.,19731.,415320.,1501.,950.5,900.,300.,1601.,189508.,250.,7809.,1201.,0.,2202.,1251.,4354.5,50.,1651.,
511.9580078125,395308.,59465.,26447.5,426376.,1050.5,850.5,400.,700.,1000.5,155388.,450.,7658.5,1100.5,100.,2001.5,1601.,3503.5,0.,2202.,
515.0239868164063,417412.,56100.,26948.5,391784.,1201.,700.,500.,200.,600.,154970.,500.5,5456.,550.5,100.,1751.5,1751.,3052.5,0.,1701.5,
518.0900268554688,379772.,62428.5,27901.,384512.,1101.,600.,100.,550.,750.,111785.,600.,9612.,800.5,100.,1150.5,2052.,3053.,50.,1501.,
521.156982421875,391644.,64689.5,23038.5,362812.,1100.5,400.,350.,300.,650.,109976.,300.,5856.5,1050.5,150.,1751.5,1200.5,3353.,0.,1851.5,
524.2230224609375,390976.,66398.,31310.5,282152.,950.5,350.,50.,400.,700.,111936.,750.,5205.5,700.,0.,1201.,1000.5,3653.5,0.,2051.5,
527.2890014648438,402320.,67857.,33867.5,407520.,1401.,500.,400.,250.,1301.,79922.,800.,5656.,750.5,150.,1451.,1501.5,3753.5,50.,2101.5,
530.3560180664063,397588.,69564.,32313.5,402096.,1301.,800.,150.,550.,700.,103976.,550.,5356.,400.,200.,1251.,1151.,3153.,0.,2452.,
533.4219970703125,413584.,70870.,28703.,491632.,600.,850.,300.,100.,500.,107556.,100.,6207.,950.5,50.,1551.,1401.,2752.5,100.,2001.5,
536.4879760742188,363944.,64739.5,30508.,442844.,1501.,350.,800.5,50.,350.,77909.,500.,4354.5,500.,50.,950.5,1751.5,2752.5,0.,1902.,
539.5549926757813,391728.,50326.,36175.,487468.,1401.,300.,350.,250.,800.5,103271.,400.,5906.5,400.,100.,1451.,1200.5,2852.5,200.,1501.,
542.6209716796875,382640.,65844.5,35021.5,457268.,900.5,100.,250.,400.,1200.5,88574.,350.,5956.5,650.5,100.,2352.5,1051.,3954.,0.,1901.5,
545.68798828125,386680.,73534.,27951.,509880.,1701.5,250.,500.,100.,650.5,110376.,450.,3553.5,650.,150.,1100.5,750.5,3603.5,150.,1701.5,
548.7540283203125,407984.,57807.5,29756.,413628.,1401.,150.,300.,250.,200.,57307.5,450.,4604.5,450.,200.,850.5,1301.,3003.,100.,2051.5,
551.8200073242188,396668.,62830.5,30458.,486012.,1100.5,550.,250.,250.,550.5,75798.,350.,2852.5,600.5,50.,1501.5,1200.5,2452.5,0.,2001.5,
554.8870239257813,394280.,66599.5,27198.5,555324.,1151.,400.,650.5,0.,150.,63938.,500.,3053.,700.,0.,1251.,850.5,2802.5,0.,1901.5,
557.9530029296875,399080.,77757.,28903.5,332228.,1401.,650.,400.,150.,350.,73787.,250.,3503.5,350.,50.,1501.,1000.5,3103.,0.,2452.,
561.0189819335938,409160.,86309.,29455.,404188.,1551.5,500.,200.,50.,450.,57859.,250.,2051.5,500.,50.,1251.,1100.5,3253.,100.,2001.5,
564.0859985351563,376544.,81381.,28703.,494776.,1701.5,150.,400.,200.,500.,61172.5,400.,3153.,500.,0.,1151.,700.5,1701.5,0.,2252.,
567.1519775390625,400300.,69262.,33316.,563384.,1100.5,600.,400.,250.,250.,41493.5,300.,1901.5,250.,50.,1251.,1151.,2352.,150.,2602.5,
570.218017578125,406176.,79368.,24291.5,543568.,1101.,250.,200.,200.,300.,43600.,650.,1301.,100.,0.,650.,1300.5,1601.5,0.,1351.,
573.2849731445313,357256.,60520.,28502.,532232.,800.5,300.,250.,50.,350.,36024.5,450.,1551.,300.,200.,900.5,550.,1451.5,50.,1851.5,
576.3510131835938,381440.,73685.,30257.5,478048.,900.5,450.,350.,100.,400.,41743.,450.,1851.5,100.,100.,1651.,1000.5,2502.,100.,2202.,
579.4169921875,373992.,60771.,33015.5,637976.,750.,400.,150.,150.,50.,41142.,250.,1851.5,250.,50.,1200.5,1250.5,2402.,50.,1551.,
582.4840087890625,380696.,69413.,41091.5,488008.,1050.5,250.,300.,50.,200.,31661.,100.,1701.,50.,0.,1251.,550.,1701.5,0.,2752.5,
585.5499877929688,400976.,71978.,35925.,406392.,1601.,450.,300.,100.,50.,35071.5,750.5,1050.5,50.,50.,1301.,1101.,1501.,50.,1701.5,
588.6160278320313,378556.,70669.,29455.,391584.,1501.,400.,150.,0.,150.,23790.,800.5,1151.,150.,250.,950.5,750.5,2051.5,50.,2302.,
591.6829833984375,376136.,80021.,26397.,496376.,1251.,400.,100.,100.,100.,40690.,350.,600.,50.,100.,900.5,550.,1601.,100.,2352.,
594.7490234375,381092.,70518.,27199.,416148.,1601.,250.,200.,100.,400.,20783.,200.,950.5,100.,50.,300.,900.5,2202.,0.,1551.,
597.8159790039063,373276.,69061.,34119.,518784.,2352.,300.,200.,50.,0.,24742.5,500.,350.,50.,50.,1651.5,1351.,2152.,0.,2352.,
600.8820190429688,382828.,78919.,30056.5,509264.,1351.,500.,200.,100.,300.,19029.5,850.,550.,50.,50.,800.5,650.5,2602.5,0.,2352.,
603.947998046875,372776.,77607.,36877.,563976.,1751.5,500.,50.,0.,150.,18027.,300.,550.,300.,50.,1501.5,300.,2352.,150.,2102.,
607.0150146484375,364180.,72679.,33216.,568280.,1301.,200.,100.,0.,0.,21084.,350.,100.,100.,150.,650.5,1301.,2001.5,0.,2302.,
610.0809936523438,375308.,71222.,31159.5,398704.,1251.,150.,100.,0.,100.,22186.5,400.,450.,100.,0.,1101.,900.5,2752.5,0.,1451.,
613.14697265625,376416.,47313.5,30558.,412192.,850.,400.,500.,0.,50.,16625.,600.,100.,0.,0.,1150.5,900.5,1901.5,0.,2252.,
616.2139892578125,389196.,68156.,26146.5,416192.,1401.,350.,100.,0.,50.,25244.,300.,0.,0.,0.,1251.,1101.,1952.,0.,1951.5,
619.280029296875,370532.,70569.,25344.,474832.,1351.,350.,300.,50.,150.,17576.5,550.,200.,0.,100.,1201.,850.5,2151.5,0.,1901.5,
622.3460083007813,354292.,76249.,29054.,529336.,900.5,150.,500.5,50.,100.,14821.,350.,100.,0.,0.,1501.,450.,2652.5,150.,2102.,
625.4130249023438,371276.,52735.5,39184.5,450704.,1301.,300.,100.,0.,150.,16925.,500.,200.,0.,50.,700.,950.5,2302.,50.,2352.,
628.47900390625,378360.,67453.,27048.5,499264.,650.,350.,100.,0.,150.,13919.,150.,0.,0.,100.,1401.,850.,3002.5,50.,2402.,
631.5449829101563,334676.,76450.,27750.,344936.,750.,350.,350.,100.,50.,11615.,400.,100.,0.,50.,1350.5,1000.5,2152.,0.,1951.5,
634.6119995117188,317970.,60369.5,26848.5,445412.,1051.,450.,500.,50.,100.,14921.,250.,50.,50.,50.,1300.5,1050.5,2602.5,0.,1901.5,
637.677978515625,323670.,58510.5,35372.5,316644.,900.5,300.,300.,0.,0.,14720.5,200.,0.,0.,100.,1301.,850.5,1751.5,100.,2001.5,
640.7440185546875,321844.,67252.5,28953.5,447000.,800.5,50.,200.,0.,150.,8360.,200.,0.,50.,150.,1301.,950.5,1951.5,50.,1150.5,
643.8109741210938,343900.,68460.,28703.,376940.,1451.,250.,200.,50.,250.,11915.5,300.,0.,0.,50.,1100.5,750.,2702.5,50.,1751.5,
646.8770141601563,340420.,64990.5,29054.,589520.,1101.,350.,50.,0.,100.,14370.,450.,200.,0.,100.,600.,900.5,1801.,0.,1801.5,
649.9439697265625,352460.,59215.,23941.,519168.,1201.,50.,250.,0.,100.,11314.5,650.,50.,0.,50.,1401.,400.,2102.,0.,1851.5,
653.010009765625,369796.,65744.,30809.,491696.,1250.5,300.,250.,0.,100.,17225.5,450.,50.,0.,100.,900.5,1251.,1851.5,50.,1701.,
656.0759887695313,338912.,51530.5,24993.,560196.,1050.5,350.,300.,0.,0.,14570.5,500.,100.,0.,150.,1250.5,800.5,1951.5,50.,1551.5,
659.1430053710938,362668.,69061.,23339.,450088.,1401.,350.,100.,0.,0.,12216.,200.,0.,0.,0.,850.5,1151.,2102.,150.,1651.5,
662.208984375,372812.,66950.,26697.5,497760.,1301.,150.,200.,0.,150.,11515.,250.,50.,0.,0.,1051.,750.,2452.,100.,2051.5,
665.2750244140625,335292.,58761.5,24793.,585608.,1050.5,300.,100.,0.,0.,10363.,400.,150.,0.,0.,800.5,1000.5,2502.,150.,2051.5,
668.3419799804688,344968.,58059.,25093.5,551096.,850.5,100.,450.,50.,100.,7859.5,350.,100.,0.,50.,1251.,1201.,2652.5,100.,1651.,
671.4080200195313,353424.,52987.,22838.,459720.,1251.,200.,400.,0.,0.,10513.,500.,200.,0.,100.,950.5,1050.5,1901.5,0.,1951.5,
674.4739990234375,349200.,72881.,30758.5,473496.,1401.,250.,50.,0.,200.,11214.5,500.,50.,0.,0.,1301.,1351.,2953.,0.,1351.,
