Trace for Mass:,Al27(LR),As75(LR),Se77(LR),Se78(LR),Se82(LR),Ag107(LR),Ag109(LR),Cd111(LR),Cd114(LR),In115(LR),Sn118(LR),La139(LR),Nd146(LR),Pb204(LR),Pb206(LR),Pb207(LR),Pb208(LR),Hg200(LR),Kr83(LR)
Resolution:,Low,Low,Low,Low,Low,Low,Low,Low,Low,Low,Low,Low,Low,Low,Low,Low,Low,Low,Low
,,,,,,,,,,,,,,,,,,,
Time,Intensity,Intensity,Intensity,Intensity,Intensity,Intensity,Intensity,Intensity,Intensity,Intensity,Intensity,Intensity,Intensity,Intensity,Intensity,Intensity,Intensity,Intensity,Intensity
[sec],[cps],[cps],[cps],[cps],[cps],[cps],[cps],[cps],[cps],[cps],[cps],[cps],[cps],[cps],[cps],[cps],[cps],[cps],[cps]

2.943000078201294,260748.,5506.,2252.,81982.,150.,150.,50.,0.,0.,100.,0.,0.,0.,50.,650.,500.,1601.,0.,750.,
6.008999824523926,281786.,4404.,2752.5,66901.,100.,200.,0.,0.,0.,50.,0.,0.,0.,0.,650.,650.,1300.5,0.,450.,
9.076000213623047,266020.,4955.,2402.,86610.,100.,150.,150.,0.,0.,100.,0.,50.,0.,0.,700.,900.5,1601.5,0.,400.,
12.14200019836426,267594.,4404.5,3053.,72177.,150.,150.,50.,0.,50.,100.,0.,50.,0.,0.,700.,450.,1501.,0.,400.,
15.20800018310547,262970.,7909.5,3303.,121563.,400.,0.,200.,0.,0.,400.,100.,100.,0.,50.,1751.5,1351.,3203.,150.,450.,
18.27499961853027,360412.,51684.5,30758.5,641928.,2051.5,100.,350.,50.,50.,10313.,550.,50.,0.,100.,1901.5,1951.5,4504.5,0.,3053.,
21.34099960327148,434508.,134025.,84899.,1262784.,4955.,400.,500.,0.,250.,2167840.,1401.,100.,0.,100.,6507.5,3203.,10263.,50.,3804.,
24.40800094604492,506108.,159570.,65191.5,1199568.,5155.5,1051.,400.,0.,150.,7818397.,2202.,650.,0.,200.,1551.,1201.,2903.,0.,5706.5,
27.47400093078613,518632.,142396.,77356.,916520.,5456.,400.,450.,0.,200.,7741170.,1351.,50.,0.,100.,5055.,2852.5,9762.,100.,4605.,
30.54000091552734,415588.,99998.,43750.5,823256.,2803.,350.,200.,0.,0.,3078090.75,600.,100.,0.,200.,2052.,1751.5,3954.,0.,3453.5,
33.60699844360352,349576.,59365.5,26246.5,422268.,2352.,350.,0.,0.,200.,1764111.,850.5,150.,0.,50.,1551.,1251.,3003.,0.,2502.5,
36.67300033569336,331038.,48970.5,18177.5,366040.,1350.5,200.,200.,50.,100.,1472448.,250.,0.,100.,0.,1501.5,1201.,3053.,0.,1501.,
39.73899841308594,318012.,48418.,16625.,361128.,1000.5,100.,150.,50.,100.,1400832.,500.,100.,150.,200.,1050.5,850.5,2252.,0.,1951.5,
42.80599975585938,320194.,46613.,16274.,398936.,1000.5,200.,0.,50.,50.,1305072.,100.,50.,0.,100.,1351.,1200.5,3403.,0.,1150.5,
45.87200164794922,317792.,40589.5,16073.5,389952.,1251.,450.,250.,0.,0.,1461376.,100.,0.,50.,50.,1301.,1601.,2552.,0.,1401.,
48.9379997253418,334492.,39987.5,26397.5,364404.,1551.5,100.,200.,0.,50.,1534160.,250.,0.,0.,50.,1901.5,1200.5,1801.5,0.,1751.5,
52.00500106811523,328472.,36325.5,21585.,500964.,1200.5,300.,50.,0.,50.,1419152.,200.,100.,50.,0.,2302.,550.,2952.5,0.,1601.,
55.07099914550781,346640.,49422.,12366.5,327200.,700.,0.,150.,0.,50.,1475739.625,200.,50.,0.,50.,1701.5,1451.,3603.5,0.,1551.,
58.13700103759766,328220.,36225.,15171.5,375204.,600.,200.,100.,50.,0.,1559504.,250.,50.,0.,50.,1000.5,1200.5,3953.5,0.,1601.5,
61.20399856567383,320896.,35523.,18829.,352984.,950.5,150.,50.,100.,0.,1373248.,350.,50.,0.,150.,1301.,1150.5,3053.,0.,1201.,
64.26999664306641,341012.,43499.5,16724.5,372224.,1251.,150.,150.,0.,50.,1635968.,200.,150.,0.,50.,2001.5,850.5,2903.,50.,1901.5,
67.33599853515625,325294.,47113.5,16975.,305628.,1000.5,100.,200.,0.,0.,1607360.,200.,50.,0.,150.,900.5,1701.,2602.5,0.,1451.,
70.40299987792969,322036.,44202.5,20833.5,343924.,950.5,150.,0.,100.,100.,2124926.25,300.,200.,0.,50.,2052.,1100.5,2452.5,50.,1951.5,
73.46900177001953,337076.,40388.5,22387.,310064.,1050.5,0.,250.,0.,100.,2180996.5,350.,450.,0.,50.,1100.5,950.5,2352.,0.,2202.,
76.53600311279297,314226.,43249.5,18578.5,391116.,550.,500.,100.,50.,150.,2121661.5,100.,0.,0.,50.,1201.,1401.,2252.,50.,1601.5,
79.60199737548828,315314.,34570.,15522.5,280122.,700.,50.,300.,0.,100.,2304489.5,150.,50.,0.,150.,1151.,850.5,2602.5,100.,1701.,
82.66799926757813,307968.,37127.5,14570.5,386460.,700.5,500.,150.,50.,50.,2522302.5,350.,50.,0.,50.,1801.5,1151.,2852.5,0.,1150.5,
85.73500061035156,310262.,37980.5,16274.,324088.,650.,100.,0.,0.,250.,3354392.,300.,0.,0.,200.,1801.5,1551.,3153.,50.,1601.,
88.80100250244141,315142.,33817.5,21434.5,408772.,1401.,250.,150.,0.,50.,2201068.5,450.,200.,0.,150.,1451.,1201.,2252.,0.,750.,
91.86699676513672,298752.,34670.5,16424.5,318332.,1351.,150.,100.,50.,100.,2399162.5,150.,100.,0.,0.,1301.,1151.,2552.5,0.,2352.,
94.93399810791016,317786.,35824.,18478.5,274764.,1100.5,200.,250.,0.,0.,2384313.75,350.,0.,0.,50.,2202.,1051.,3203.,150.,1601.,
98.,299932.,37931.,16975.5,319248.,1401.,350.,50.,50.,100.,2096240.,350.,50.,0.,0.,750.,900.5,3052.5,0.,1751.5,
101.0660018920898,312458.,36526.,20532.5,312508.,500.,200.,100.,0.,0.,1984534.375,250.,50.,0.,250.,1751.5,650.5,2452.5,0.,1200.5,
104.1330032348633,290252.,33617.,17476.5,281076.,400.,0.,50.,0.,150.,2023568.,500.,100.,50.,100.,1251.,1451.,3253.,0.,1651.5,
107.1989974975586,308440.,38181.,15221.5,263796.,950.5,100.,0.,0.,200.,3012428.,350.,200.,0.,0.,1801.5,1100.5,2902.5,0.,1751.5,
110.2649993896484,283488.,40338.5,21484.5,368460.,500.,450.,100.,50.,150.,1626795.5,150.,50.,50.,100.,1551.,1451.,2052.,100.,1851.5,
113.3320007324219,308922.,39887.,15422.,447104.,900.5,200.,0.,0.,50.,2306752.5,0.,100.,50.,0.,1501.,1000.5,3053.,100.,800.5,
116.3980026245117,310982.,37780.,17175.5,299868.,300.,50.,200.,0.,100.,2494048.,150.,50.,0.,50.,1201.,1301.,2352.,50.,2051.5,
119.463996887207,316880.,32914.5,13969.5,276934.,850.5,150.,100.,0.,50.,2110082.5,0.,100.,0.,200.,2002.,1201.,2552.,0.,1451.,
122.5309982299805,302996.,32765.,16474.,371228.,1151.,100.,200.,50.,0.,2678944.,250.,0.,0.,0.,1801.5,1150.5,3153.,50.,1451.,
125.5970001220703,309246.,30457.5,13268.,287796.,550.,300.,150.,100.,0.,1802616.375,100.,50.,50.,100.,1901.5,1351.,3303.,0.,1250.5,
128.6640014648438,290780.,29505.5,13067.5,286940.,1451.,100.,150.,0.,0.,2029344.,450.,50.,0.,100.,1501.,1051.,2051.5,0.,1451.,
131.7299957275391,298990.,27600.,19430.5,447928.,900.5,400.,0.,0.,0.,2295773.75,100.,50.,0.,50.,1151.,1601.,3052.5,0.,1801.5,
134.7960052490234,303558.,33667.,16624.5,465640.,300.,300.,150.,0.,200.,2805132.5,200.,0.,0.,50.,1951.5,1301.,2402.,0.,1401.,
137.8630065917969,298268.,38733.5,18177.5,303740.,1000.5,200.,0.,0.,0.,2271722.25,350.,150.,0.,50.,1401.,1851.5,2902.5,0.,1551.,
140.9290008544922,309404.,33918.,12917.5,313332.,500.,300.,100.,50.,0.,2340512.,250.,100.,0.,50.,800.5,1801.5,3553.,0.,1301.,
143.9949951171875,301316.,36576.,16975.,337000.,900.5,200.,100.,0.,50.,2398179.5,0.,100.,0.,50.,1651.,650.,2202.,0.,1651.,
147.0619964599609,296956.,33266.5,13569.,275020.,800.5,200.,200.,0.,50.,1919163.75,50.,0.,50.,0.,1551.,1301.,2752.5,0.,1401.,
150.1280059814453,295228.,30157.,17476.5,275376.,950.5,50.,150.,0.,0.,2293442.75,50.,50.,0.,50.,900.5,1551.5,2151.5,0.,1401.,
153.1940002441406,304794.,35021.5,19881.,365112.,800.5,150.,350.,0.,0.,3017385.75,250.,0.,50.,150.,2552.5,2001.5,6407.,50.,1000.5,
156.2610015869141,280768.,27149.,10814.,227516.,650.,150.,50.,100.,0.,1683876.25,50.,350.,0.,150.,950.5,1451.,2052.,0.,1701.,
159.3269958496094,287572.,25544.5,13017.5,285352.,400.,500.,100.,0.,100.,2476928.,200.,100.,0.,50.,1801.5,1050.5,2852.5,50.,2252.,
162.3930053710938,300128.,31862.,18027.5,310264.,1150.5,200.,50.,0.,150.,1761561.25,350.,50.,0.,300.,2202.,1250.5,2752.5,50.,1150.5,
165.4600067138672,297864.,37128.,18027.5,293600.,700.,450.,150.,0.,50.,2558560.,200.,450.,0.,100.,1701.,900.5,1951.5,0.,1251.,
168.5260009765625,305880.,45055.5,17827.5,419180.,1100.5,300.,150.,0.,0.,2081045.625,400.,350.,100.,50.,1000.5,950.5,2002.,0.,1651.5,
171.5919952392578,290502.,69413.,24692.5,348908.,1050.5,150.,250.,150.,50.,1932688.,350.,550.,0.,50.,850.,950.5,2252.,0.,1050.5,
174.6589965820313,308006.,102667.,31862.,294192.,600.5,250.,300.,150.,0.,2017376.,0.,650.,200.,50.,550.,700.,1551.5,0.,1401.,
177.7250061035156,317686.,88723.,31360.5,286068.,900.5,400.,50.,50.,0.,1847488.,250.,500.,0.,0.,900.5,800.5,1901.5,0.,1801.5,
180.7920074462891,314816.,76048.,36024.5,244014.,850.5,200.,0.,50.,50.,1946117.75,400.,1050.5,0.,200.,650.5,700.5,1050.5,0.,1801.,
183.8580017089844,331068.,82082.,33818.,256872.,700.5,250.,350.,0.,250.,1476060.375,100.,500.,0.,0.,800.5,650.,1901.5,200.,2452.,
186.9239959716797,325842.,75495.,24943.,300904.,650.5,150.,150.,50.,150.,2107965.5,150.,250.,50.,50.,900.5,400.,1451.,50.,1701.,
189.9909973144531,332484.,65493.,24091.,240360.,950.5,250.,50.,0.,50.,1908720.,100.,400.,0.,100.,1100.5,700.,1901.5,0.,1801.5,
193.0570068359375,331600.,65242.5,22086.5,227314.,1301.,300.,250.,100.,50.,2343200.,150.,700.,0.,100.,1050.5,550.,1201.,0.,2101.5,
196.1230010986328,326564.,64488.5,19631.,360464.,800.5,200.,50.,50.,150.,2126483.75,150.,350.,50.,100.,700.,1551.,2051.5,50.,2251.5,
199.1900024414063,314768.,66498.5,21986.,325268.,1451.,200.,350.,100.,0.,1961840.,0.,150.,50.,200.,1301.,900.5,2101.5,0.,1801.,
202.2559967041016,316726.,61926.5,21685.,288764.,450.,800.5,300.,0.,250.,1495372.25,200.,400.,50.,50.,900.5,1000.5,2552.5,0.,2552.5,
205.3220062255859,317362.,55146.5,24592.5,326136.,1151.,350.,250.,0.,0.,1958128.,150.,150.,0.,0.,1200.5,1401.,1451.,50.,1651.,
208.3890075683594,323694.,53940.5,19931.5,379096.,800.5,300.,100.,100.,50.,2137920.25,200.,400.,100.,200.,900.5,1100.5,2602.5,50.,1201.,
211.4550018310547,317738.,54041.,22788.,312712.,1251.,200.,100.,50.,0.,2326485.5,50.,50.,50.,100.,1050.5,750.,3453.,0.,2051.5,
214.52099609375,305810.,61474.,26296.5,332688.,800.5,300.,50.,0.,150.,2032110.25,200.,250.,0.,0.,1251.,1000.5,2352.,0.,1951.5,
217.5879974365234,315566.,53187.5,24893.,239520.,1000.5,200.,200.,0.,0.,2238624.,50.,50.,0.,50.,750.,1601.,2502.,0.,1150.5,
220.6540069580078,323550.,48619.5,17326.,279406.,1000.5,300.,250.,100.,0.,2256364.5,150.,100.,50.,0.,900.5,1151.,2102.,0.,2101.5,
223.7200012207031,305174.,54794.,18728.5,293352.,1601.,50.,300.,0.,100.,2456977.,50.,500.,0.,100.,1751.,1250.5,2202.,50.,2001.5,
226.7870025634766,309620.,53490.5,22337.,345944.,700.,150.,300.,0.,0.,2515944.,550.,0.,50.,200.,1101.,1201.,2302.,50.,1701.,
229.8529968261719,307600.,56302.,21084.,364552.,650.,300.,50.,0.,0.,1993200.,150.,500.,50.,150.,1201.,700.,1951.5,0.,1501.,
232.9199981689453,309160.,50225.,22286.5,242444.,600.,200.,100.,50.,50.,2131986.75,250.,200.,100.,100.,1200.5,1401.,2202.,100.,1551.5,
235.9859924316406,309498.,48217.5,21936.5,270140.,900.5,450.,200.,0.,0.,2477310.,400.,150.,100.,300.,1601.5,1101.,2852.5,50.,2252.,
239.052001953125,305114.,54593.5,17326.,329396.,1000.5,0.,100.,0.,0.,2338123.5,250.,250.,0.,0.,1251.,1050.5,2452.5,150.,1101.,
242.1190032958984,294316.,43901.5,22487.5,341296.,1501.,0.,0.,0.,50.,2238897.,350.,250.,50.,0.,1651.5,750.5,2552.,0.,1651.5,
245.1849975585938,308200.,44302.5,20783.5,306236.,600.,400.,250.,50.,50.,2190698.25,300.,0.,50.,250.,1451.,750.5,3153.,0.,1250.5,
248.2510070800781,296492.,48067.,19731.,358816.,750.5,50.,0.,50.,150.,2495791.75,250.,300.,100.,100.,1351.,1001.,2502.5,0.,1250.5,
251.3179931640625,299952.,46059.5,16925.5,344008.,650.,250.,450.,50.,50.,1892880.,450.,0.,0.,0.,1601.,1100.5,2552.5,50.,1651.,
254.3840026855469,309058.,55648.,22086.5,356020.,800.,200.,350.,0.,50.,2087132.75,400.,50.,50.,200.,800.5,1701.,2352.,0.,1351.,
257.4500122070313,296696.,44403.5,21535.,377272.,550.,200.,100.,100.,0.,2497198.,100.,250.,100.,50.,950.5,900.5,3253.,50.,2152.,
260.5169982910156,306948.,54192.,21885.5,420092.,750.5,200.,150.,0.,0.,2101616.,150.,150.,0.,150.,1251.,1300.5,3103.,0.,1851.5,
263.5830078125,303726.,40489.,23138.5,348684.,750.,200.,150.,50.,100.,2447245.,100.,100.,50.,50.,650.,1300.5,2452.5,0.,1851.5,
266.6489868164063,307102.,40841.,24291.5,479056.,650.,100.,150.,50.,0.,2181055.,200.,50.,0.,100.,1751.5,1501.,2902.5,50.,1551.5,
269.7160034179688,311108.,47313.5,18228.,368204.,950.5,350.,250.,0.,150.,2162498.,350.,350.,150.,150.,1651.,1050.5,3053.,50.,1301.,
272.7820129394531,304190.,55498.5,25193.5,334920.,550.,100.,250.,150.,50.,1959221.25,100.,300.,50.,0.,1301.,500.,4054.,0.,1951.5,
275.8479919433594,296740.,49271.5,18227.5,366248.,650.,50.,100.,50.,100.,2504503.75,150.,250.,0.,100.,1101.,1000.5,3253.,0.,1601.,
278.9150085449219,306820.,54041.5,20432.5,332412.,700.,250.,250.,0.,200.,2319048.,250.,200.,0.,150.,1401.,700.,2902.5,50.,1601.,
281.9809875488281,277322.,31260.5,13819.,248280.,350.,100.,0.,50.,0.,1610016.,200.,100.,0.,50.,1151.,1751.5,2952.5,0.,1150.5,
285.0480041503906,280622.,24192.,12466.5,213782.,650.5,150.,50.,0.,0.,1533328.,100.,100.,0.,100.,1551.,1000.5,3653.5,0.,1101.,
288.114013671875,286590.,35924.,12567.,252242.,500.,200.,200.,50.,50.,1477663.75,100.,50.,100.,200.,1351.,850.,3403.,0.,900.,
291.1799926757813,308080.,40138.5,15371.5,243710.,750.5,50.,250.,0.,0.,1861600.,250.,400.,150.,300.,1951.5,950.5,2752.5,0.,1601.5,
294.2470092773438,296398.,45558.,22186.5,304860.,1151.,250.,150.,0.,0.,2384310.75,200.,100.,100.,0.,1100.5,1951.5,2402.5,0.,1351.,
297.31298828125,289064.,47015.5,18077.5,349836.,400.,350.,200.,0.,50.,2072333.375,150.,100.,100.,150.,1251.,1701.5,3353.,50.,950.5,
300.3789978027344,294116.,45206.,20482.5,371100.,750.,300.,150.,0.,50.,2676384.5,200.,0.,0.,50.,1901.5,1401.,3303.,0.,1851.5,
303.4460144042969,293608.,50627.,22587.5,302572.,950.5,250.,50.,0.,100.,2637097.,400.,200.,0.,0.,1701.5,950.5,3953.5,0.,900.5,
306.5119934082031,291784.,44453.,20181.5,321028.,700.,200.,200.,0.,150.,2678504.75,300.,150.,150.,0.,1051.,1050.5,2502.5,0.,1951.5,
309.5780029296875,288428.,49472.5,20733.,335264.,450.,100.,0.,0.,50.,2675220.75,400.,650.,0.,0.,1251.,2352.,2652.5,0.,1801.5,
312.6449890136719,285710.,41442.5,19731.,285256.,1000.5,400.,100.,0.,50.,2759759.,350.,200.,100.,50.,1451.,1001.,2452.,0.,1601.,
315.7109985351563,296406.,49974.,19530.5,331232.,600.,200.,400.,300.,50.,2323411.,250.,100.,150.,0.,1151.,850.,2452.5,0.,1851.5,
318.7770080566406,287348.,80977.,34770.5,311540.,1601.5,500.5,50.,0.,50.,2003009.75,250.,250.,100.,0.,750.,650.,2352.,150.,1751.,
321.843994140625,301748.,98941.,38683.,263730.,1350.5,450.,150.,50.,150.,2137052.75,150.,950.5,50.,0.,600.,650.,1151.,100.,3103.,
324.9100036621094,291982.,150174.,42145.,295948.,1401.,350.,250.,0.,150.,2339104.,550.,1100.5,150.,0.,500.,550.,1251.,0.,3002.5,
327.9760131835938,309158.,127716.,57305.,264644.,1000.5,300.,650.,50.,250.,1455912.5,150.,900.5,300.,0.,450.,350.,1501.,100.,3203.,
331.0429992675781,303830.,121412.,45910.,241632.,700.,1001.,300.,150.,200.,1348000.,0.,800.,50.,0.,400.,300.,1501.,50.,3753.5,
334.1090087890625,318226.,116774.,48469.,303184.,750.,950.5,550.,50.,250.,1075168.,200.,850.5,150.,0.,500.,400.,1401.,0.,3503.,
337.1759948730469,338212.,114203.,39737.,332012.,1401.,300.,300.,0.,100.,1396752.,200.,600.,350.,0.,350.,300.,1601.,50.,4054.,
340.2420043945313,326480.,97833.,28352.,252498.,850.5,350.,250.,0.,0.,1270480.,200.,200.,150.,0.,850.5,400.,2201.5,150.,4254.,
343.3080139160156,319154.,80524.,30809.,276700.,350.,200.,150.,50.,100.,775168.,0.,300.,0.,150.,750.,500.,1901.5,0.,3403.5,
346.375,296978.,33116.,9411.5,115463.,250.,250.,100.,0.,0.,281892.,50.,150.,50.,50.,1050.5,450.,2051.5,0.,2702.5,
349.4410095214844,277608.,40188.,14220.,179338.,400.,150.,250.,100.,100.,512512.,0.,450.,100.,50.,1150.5,800.,1801.5,50.,1901.5,
352.5069885253906,289032.,56201.,19881.5,270848.,1150.5,100.,50.,50.,0.,1304800.,250.,300.,0.,0.,1100.5,1050.5,3053.,0.,2001.5,
355.5740051269531,293788.,44956.,17476.5,234370.,700.,700.,0.,0.,100.,1371120.,150.,250.,100.,100.,1501.,1051.,2352.,50.,3253.,
358.6400146484375,292652.,57857.5,21735.5,303080.,650.,200.,50.,0.,0.,1424816.,250.,200.,0.,50.,1251.,1651.5,3053.,50.,1951.5,
361.7059936523438,284296.,52635.,23639.5,308176.,1100.5,850.5,100.,0.,50.,1369312.,500.,500.,0.,50.,1351.,1601.,3002.5,0.,3153.,
364.7730102539063,284524.,50426.,26848.5,312828.,850.5,200.,0.,0.,100.,1223088.,150.,0.,100.,200.,950.5,2001.5,3453.5,0.,2652.5,
367.8389892578125,291740.,47816.5,19330.,327672.,650.,200.,50.,0.,50.,1279600.,200.,150.,0.,50.,1551.5,1100.5,2502.,0.,1851.5,
370.9049987792969,274940.,42697.,21535.,329608.,1000.5,250.,150.,0.,150.,1350080.,150.,200.,0.,100.,1050.5,1151.,3703.5,0.,2752.5,
373.9719848632813,261246.,50678.,22236.5,289896.,950.5,300.,300.,0.,0.,1244480.,550.,250.,0.,100.,1651.5,1551.,2802.5,0.,1851.5,
377.0379943847656,264654.,48518.5,23389.5,304660.,800.5,250.,150.,0.,50.,1135200.,100.,0.,50.,100.,1601.5,1801.5,2202.,0.,2051.5,
380.10400390625,255566.,37780.,20432.5,230818.,800.5,350.,50.,0.,50.,728392.,100.,0.,0.,200.,1501.,500.,2702.5,0.,2151.5,
383.1709899902344,251064.,30257.,11665.,166796.,500.,300.,0.,0.,50.,471652.,50.,0.,0.,0.,750.,650.,1801.5,0.,1351.,
386.2369995117188,244310.,16674.5,5906.5,107048.,300.,500.,100.,0.,0.,223918.,50.,0.,0.,0.,1201.,500.,1451.,0.,900.5,
389.3039855957031,248522.,14169.5,5105.5,91240.,250.,50.,100.,0.,0.,111330.,50.,0.,0.,0.,600.,500.,1351.,0.,1051.,
392.3699951171875,236724.,11565.,5005.5,84347.,250.,500.,0.,50.,0.,54694.,0.,0.,0.,400.,500.,600.5,1651.,0.,550.,
395.4360046386719,233364.,8109.5,2302.,80171.,100.,400.,0.,50.,0.,31059.5,50.,0.,0.,0.,1201.,950.5,1701.,50.,1050.5,
398.5029907226563,227172.,8560.,3003.,79518.,550.,500.,250.,0.,0.,13919.5,50.,100.,0.,50.,500.,850.5,1401.,0.,800.5,
401.5690002441406,230646.,7208.5,2402.,75294.,100.,600.5,100.,50.,50.,6808.,50.,0.,0.,100.,1101.,650.,1651.5,0.,550.,
404.635009765625,233020.,6106.5,2602.5,74539.,250.,400.,0.,0.,0.,3153.,0.,0.,0.,0.,700.,450.,1801.5,0.,800.,
407.7019958496094,230748.,4905.,2752.5,71726.,350.,300.,0.,0.,50.,1851.5,0.,0.,0.,100.,700.5,500.,1651.5,50.,950.5,
410.7680053710938,219334.,6407.,3203.,75798.,50.,350.,0.,0.,0.,1301.,0.,100.,0.,150.,400.,400.,1501.,0.,450.,
413.8340148925781,225194.,5055.5,2852.5,79166.,200.,100.,0.,0.,0.,500.,0.,0.,0.,0.,950.5,200.,950.5,0.,1150.5,
416.9010009765625,220250.,6707.5,2001.5,68358.,50.,250.,0.,50.,100.,150.,50.,0.,0.,0.,700.,650.5,1401.,0.,1150.5,
419.9670104980469,213276.,5155.5,2652.5,69312.,400.,250.,100.,0.,0.,150.,150.,0.,0.,50.,700.,300.,900.5,0.,700.5,
423.0329895019531,219194.,5756.5,2502.5,68407.,100.,100.,150.,0.,0.,150.,100.,0.,0.,0.,450.,550.,2001.5,0.,700.,
426.1000061035156,214890.,5505.5,1501.,76451.,300.,400.,50.,0.,0.,0.,0.,100.,0.,100.,850.5,150.,1651.5,0.,400.,
429.1659851074219,220284.,4254.,2202.,72328.,50.,200.,100.,100.,100.,0.,0.,0.,0.,50.,800.5,650.,1301.,100.,1000.5,
432.2319946289063,218456.,5105.5,2352.,74690.,450.,200.,200.,50.,50.,0.,50.,0.,0.,0.,400.,750.5,1151.,0.,650.,
435.2990112304688,215100.,4955.5,2502.,70669.,250.,600.,0.,0.,0.,50.,0.,0.,0.,50.,1000.5,650.5,1000.5,50.,550.,
438.364990234375,203894.,4705.,2702.5,79266.,350.,50.,100.,0.,0.,100.,0.,0.,0.,0.,950.5,250.,1150.5,50.,600.,
441.4320068359375,215702.,4955.5,2302.,88522.,250.,150.,100.,0.,0.,0.,0.,250.,0.,100.,700.,900.5,1000.5,0.,400.,
444.4979858398438,217718.,4504.5,1751.5,73686.,200.,150.,100.,50.,0.,250.,50.,500.,0.,0.,950.5,800.5,1451.,0.,700.,
447.5639953613281,204326.,5306.,2402.,71323.,150.,450.,50.,0.,50.,650.,50.,4154.5,300.,50.,1501.,850.,1501.,50.,500.,
450.6310119628906,213882.,5355.5,2302.,77104.,100.,50.,50.,300.,450.,2602.5,0.,15372.,1201.,150.,1751.5,1051.,2752.5,100.,600.5,
453.6969909667969,213436.,5105.5,1651.5,77607.,300.,800.5,500.,1301.,2502.,10613.5,0.,52886.,4354.,500.,4404.5,3553.5,9211.5,0.,750.5,
456.7630004882813,230674.,6307.,2302.,75244.,300.,1551.,1601.,3403.5,4855.,40338.5,0.,122218.,11815.5,1050.5,12065.5,10212.5,23740.,0.,350.,
459.8299865722656,232252.,4254.5,2502.5,68960.,200.,5305.5,3753.5,4855.,10313.,119244.,0.,233054.,23740.,1651.,22938.5,19480.5,45658.,0.,650.,
462.89599609375,240304.,5806.5,2402.,78562.,350.,5806.5,5556.,9061.,16724.5,225234.,0.,283828.,28352.,2201.5,35221.5,31862.,76300.,0.,700.,
465.9620056152344,245042.,6457.,2302.,79970.,650.,9662.,6757.5,13118.,22437.,285048.,0.,358516.,37529.,2902.5,48669.5,38684.,86912.,0.,1000.5,
469.0289916992188,257998.,8059.5,3553.5,87566.,400.,10613.5,7208.,13068.,28552.5,350388.,150.,369876.,43048.,4054.,56150.,50024.5,109164.,0.,650.,
472.0950012207031,281492.,9011.,4254.5,91088.,250.,13218.,8259.5,17927.,29154.,486116.,150.,379644.,36375.5,4104.,59214.,57355.5,122673.,50.,600.,
475.1610107421875,289344.,9762.,3653.5,104379.,550.5,12667.,9512.,14270.,29304.5,529508.,250.,346872.,49070.5,4354.,65945.5,51932.5,121665.,50.,700.5,
478.2279968261719,327698.,12917.5,5856.5,113599.,900.5,9662.,9261.5,15221.5,24943.,600160.,0.,349844.,42295.,3203.,59415.,46210.,142653.,0.,1101.,
481.2940063476563,337370.,15572.,6557.5,129932.,650.5,10213.,9111.,15021.5,28252.,681480.,200.,302568.,36526.,2402.5,60318.5,42747.,97834.,0.,950.5,
484.3599853515625,387016.,19681.,7859.5,168160.,550.,11264.5,7008.,11615.,25695.5,588872.,200.,329712.,28653.,2452.5,42447.,32313.,88421.,150.,1201.,
487.427001953125,441724.,22537.5,11665.5,233734.,900.5,8510.,6507.,10163.,26998.,552300.,250.,236194.,27851.,2352.,38081.,27700.,60218.,50.,1401.,
490.4930114746094,414580.,26697.5,10313.,216838.,700.,5305.5,3503.5,9812.5,14921.,580112.,350.,147346.,23540.,2101.5,27750.5,20432.5,54141.5,0.,1451.5,
493.5599975585938,481684.,24542.,9461.5,240154.,1001.,5405.5,5506.,6858.,12717.,429332.,650.,135180.,24141.,1501.5,17827.,15923.,38632.5,50.,1150.5,
496.6260070800781,416224.,33516.5,14019.5,280568.,1401.,4254.,3503.5,4655.,10563.,290900.,350.,92197.,12416.5,1000.5,17025.,11365.,30358.,0.,1651.5,
499.6919860839844,458544.,37981.,12316.5,240010.,800.5,2602.5,2902.5,3203.,6106.5,268204.,800.,73434.,11114.5,1001.,11114.,9762.,20081.5,0.,1651.,
502.7590026855469,439252.,38583.,16374.,311036.,1350.5,2602.,2552.,3303.,6607.5,224328.,500.,55296.,6307.,650.,9562.,7008.,16073.5,200.,1201.,
505.8250122070313,407048.,35723.5,20482.5,379720.,950.5,1401.,1601.5,2452.,5055.5,213264.,400.,41793.5,6908.,500.,5856.5,5456.,12516.5,0.,1101.,
508.8909912109375,406108.,34169.,19430.,321768.,1051.,2302.,1101.,2852.5,3503.5,220674.,450.,44654.,5556.,300.,7558.5,6958.,10964.,50.,1451.,
511.9580078125,358120.,34219.,16875.,425036.,850.,1100.5,850.5,1751.5,3253.,126505.,500.,34168.5,7008.,550.,6457.,4004.,10212.5,0.,1351.,
515.0239868164063,345072.,43901.5,21435.,269578.,600.,1301.,1201.,1451.,2702.5,101710.,300.,33316.,5606.,250.,4905.5,3803.5,8009.5,100.,2001.5,
518.0900268554688,345836.,33466.5,15522.,265676.,550.,1501.,1250.5,800.,2702.5,109318.,450.,29304.5,3453.5,200.,4805.,3954.,7959.5,0.,1301.,
521.156982421875,332696.,38984.,14520.,336804.,1101.,1251.,1301.,1201.,2552.5,94360.,400.,29104.,5055.5,400.,3353.,4254.5,7759.,0.,1401.,
524.2230224609375,342716.,38883.5,21384.5,371012.,750.,650.,1000.5,1151.,2452.,65292.,700.,27600.,2352.,350.,2953.,3203.,10714.,150.,1851.5,
527.2890014648438,285802.,28201.5,15121.5,263476.,450.,1201.,750.,300.,1501.,36275.,450.,20182.,2652.5,150.,2702.5,2552.5,6857.5,0.,1401.,
530.3560180664063,319346.,33818.,12616.5,354464.,800.5,500.,700.,1150.5,2802.5,53890.5,450.,23088.5,3003.,100.,3803.5,3503.5,6958.,100.,1701.5,
533.4219970703125,325894.,40088.,21885.5,327816.,1100.5,1351.,1101.,850.5,3503.,66246.5,250.,20483.,3903.5,150.,4855.5,3503.,6007.,150.,1901.5,
536.489013671875,329508.,39636.,20683.,335076.,1250.5,1351.,750.5,1200.5,1651.,70820.,350.,21635.,3053.,250.,3453.5,3403.5,7008.,0.,1651.5,
539.5549926757813,328092.,48268.5,20633.,373512.,1151.,1751.5,800.,750.,2302.,78059.,200.,23188.5,3653.5,150.,3053.,4004.,6557.5,100.,1551.5,
542.6209716796875,342840.,49673.,20632.5,448044.,1000.5,1901.5,1000.5,1050.5,2852.5,53388.5,250.,27951.,3353.,450.,3253.,2652.5,7608.5,50.,1151.,
545.68798828125,359972.,52234.5,22787.5,325932.,900.5,900.5,1050.5,750.,1351.,50125.,250.,20031.5,3453.,200.,3253.,3153.,5906.5,100.,1451.,
548.7540283203125,322708.,44052.,20131.5,400912.,1200.5,750.,1000.5,650.5,1851.5,49522.5,200.,20632.5,1901.5,200.,3403.,3903.5,8109.5,0.,1701.5,
551.8200073242188,334248.,47013.,21986.,409872.,750.,1101.,700.,700.,1601.5,41342.,100.,17175.5,9161.,100.,3403.5,2752.5,8360.,0.,2152.,
554.8870239257813,324926.,42597.,24041.,371788.,1351.,1350.5,1351.,900.5,1601.,49522.5,300.,14520.5,2802.5,350.,3203.,1751.5,5956.5,0.,1751.,
557.9530029296875,300736.,46863.5,26697.5,366036.,1701.5,1301.,750.,450.,1601.,40590.5,350.,14871.,2652.5,100.,2452.,2002.,5005.,150.,2402.,
561.0189819335938,331724.,48066.5,20934.,372736.,950.5,2251.5,450.,550.,1050.5,43550.5,100.,11815.5,1301.,200.,2652.,1851.5,5606.,0.,1851.5,
564.0859985351563,321424.,39084.5,21885.5,378524.,1601.,1250.5,1000.5,800.,1451.,43449.5,650.,10012.5,1551.5,250.,1901.5,1451.,4354.5,0.,1751.5,
567.1519775390625,292926.,41643.5,20332.5,468920.,1501.,950.5,450.,300.,800.,54495.5,100.,6757.5,550.,100.,3053.,1601.,3703.5,0.,1551.5,
570.218017578125,338952.,48368.,26297.5,431024.,750.,900.5,1100.5,250.,700.,36125.,200.,8760.5,1301.,100.,1351.,1451.,4304.5,150.,2252.,
573.2849731445313,335884.,37278.5,22637.5,449216.,1301.,550.,550.5,250.,1000.5,28452.5,650.,7408.5,850.5,150.,1601.,1251.,3503.5,100.,2402.,
576.3510131835938,323182.,46210.5,22236.5,417124.,1200.5,900.5,550.,300.,650.,28703.,350.,6857.5,1000.5,100.,1101.,1151.,2953.,50.,1701.5,
579.4169921875,330978.,51028.5,17526.5,361072.,1151.,550.,600.,200.,400.,28503.,500.,5606.,500.,150.,1551.,1000.5,3003.,250.,1451.,
582.4840087890625,343892.,47263.5,19480.5,439760.,950.5,700.,800.,300.,500.,30057.,650.,4654.5,600.,100.,1001.,700.5,2602.,0.,2552.5,
585.5499877929688,307372.,37228.5,17426.5,473664.,1050.5,550.,500.,200.,650.,29705.5,500.,5055.5,850.5,200.,850.5,1000.5,1851.5,0.,1401.,
588.6170043945313,300414.,42646.5,20983.5,450776.,1050.5,600.,600.,400.,450.,25093.5,400.,5055.5,550.,100.,1301.,1100.5,2752.5,0.,1701.5,
591.6829833984375,327224.,45608.5,18728.5,452888.,1000.5,750.5,850.5,200.,250.,22587.5,550.,3203.,750.5,50.,950.5,700.5,2151.5,0.,1150.5,
594.7490234375,305312.,50125.,22136.5,491276.,900.5,800.5,300.,300.,450.,18428.,100.,3102.5,200.,50.,1351.,1201.,2752.5,50.,1301.,
597.8159790039063,302246.,49070.5,22136.,491580.,1251.,350.,450.,100.,300.,22838.5,300.,1201.,550.,0.,1301.,750.,2102.,0.,1651.,
600.8820190429688,297100.,33817.5,25895.5,378064.,500.,1200.5,500.,100.,50.,22537.5,250.,1651.,250.,0.,800.5,750.5,2102.,0.,1901.5,
603.947998046875,284784.,42345.5,29204.,440504.,1150.5,500.,200.,50.,350.,18628.5,300.,1501.5,350.,0.,1050.5,1050.5,2752.5,250.,1301.,
607.0150146484375,322466.,47916.,26497.,462036.,1000.5,550.,750.,0.,150.,19831.,400.,1951.5,350.,50.,1401.,950.5,2502.,0.,1751.5,
610.0809936523438,299804.,50175.,20883.5,389236.,950.5,800.,500.,150.,0.,15272.,500.,800.5,150.,150.,700.,1100.5,3102.5,150.,2002.,
613.14697265625,300912.,50025.,25144.,444740.,750.5,700.5,550.,0.,150.,16524.5,550.,800.5,50.,50.,750.,750.5,1851.5,100.,1451.,
616.2139892578125,303310.,52535.,27098.5,531864.,1451.,400.,700.,50.,350.,11915.5,300.,750.,100.,200.,850.5,650.,1701.,50.,2052.,
619.280029296875,324432.,45457.,20532.5,410860.,750.,550.,200.,0.,200.,13218.,300.,1051.,300.,150.,1501.,850.,1551.5,0.,1251.,
622.3460083007813,313176.,49924.,29455.,490428.,1051.,850.5,500.,0.,250.,21485.,150.,900.5,200.,50.,1050.5,950.5,1651.5,100.,1751.5,
625.4130249023438,314358.,47615.,20733.5,383716.,1801.5,800.5,300.,0.,250.,15472.,400.,900.,100.,100.,1050.5,750.,2302.,50.,2402.,
628.47900390625,308756.,39084.5,21184.,405572.,1251.,450.,750.,100.,100.,16323.5,600.,450.,200.,50.,1001.,800.,2102.,50.,1501.,
631.5449829101563,320330.,42797.,22236.5,484056.,700.,500.,250.,50.,50.,13017.5,350.,500.,150.,100.,1701.5,950.5,1801.5,50.,1651.5,
634.6119995117188,286136.,46561.,25545.,478848.,1251.,700.,450.,50.,100.,10914.,200.,550.,0.,100.,500.,600.,2302.,50.,1151.,
637.677978515625,289380.,44101.5,24792.5,506372.,1501.,400.,250.,0.,0.,10914.,150.,350.,50.,100.,500.,700.,1201.,100.,2201.5,
640.7449951171875,302540.,41392.,20232.,429536.,900.5,750.,450.,0.,150.,10563.,300.,350.,0.,100.,900.5,500.,1601.5,0.,1251.,
643.8109741210938,306968.,58711.5,19480.5,455628.,1000.5,400.,350.,100.,50.,13669.,200.,150.,100.,50.,850.,850.5,2552.,0.,1451.,
646.8770141601563,296898.,37128.,28101.5,362808.,1401.,700.,650.,0.,150.,9912.5,700.,250.,0.,50.,1251.,1401.,1901.5,0.,1501.,
649.9439697265625,322060.,38231.5,27951.,555088.,850.5,450.,800.,50.,150.,10463.5,650.5,400.,100.,0.,700.5,950.5,2552.,0.,2202.,
653.010009765625,317150.,36827.5,22086.,425888.,1200.5,500.,50.,50.,50.,10413.,350.,300.,0.,100.,1101.,600.,2202.,0.,1301.,
656.0759887695313,306878.,43349.5,24943.,487352.,1451.,350.,350.,0.,0.,9111.5,400.,450.,50.,150.,1050.5,1000.5,2202.,0.,950.5,
659.1430053710938,333654.,36826.5,20583.,486704.,900.5,450.,800.,50.,150.,9161.5,300.,300.,100.,150.,1101.,500.,3203.,50.,2552.,
662.208984375,320914.,43650.,22236.5,423328.,1051.,650.,300.,0.,100.,10463.,500.,100.,0.,150.,1201.,500.,1801.5,50.,2052.,
665.2750244140625,319424.,40037.5,29505.5,349432.,700.,350.,150.,0.,150.,11966.,600.,50.,0.,150.,750.,600.,1901.5,0.,2152.,
668.3419799804688,311258.,43499.5,24843.,427236.,1000.5,550.,200.,0.,0.,11615.5,350.,200.,0.,0.,950.5,900.5,2002.,150.,1751.5,
671.4080200195313,331128.,43199.,23690.,547424.,1401.,800.5,400.,0.,50.,7609.,400.,200.,0.,100.,700.,600.,2502.5,50.,2151.5,
674.4739990234375,291408.,46661.5,16775.,530480.,950.5,250.,250.,0.,100.,10864.,200.,100.,0.,150.,900.5,850.5,1501.,50.,1301.,
